RELAB ID	DL_CMP-051	DL-CMP-057	DL-CMP-058	DL-CMP-055	DL-CMP-050	DL-CMP-054	DL-CMP-086	DL-CMP-060	DL-CMP-072	DL-CMP-087	DL-CMP-084	DL-CMP-078	DL-CMP-067	DL-CMP-073	DL-CMP-068	DL-CMP-074	DL-CMP-066	DL-CMP-085	DL-CMP-032	DL-CMP-077	DL-CMP-075	DL-CMP-079	DL-CMP-071	DL-CMP-076	DL-CMP-070
Wavelength (um)	051 - Wo27 En39 Fs34	057 - Wo25 En36 Fs39	058 - Wo27 En28 Fs45	055 - Wo26 En18 Fs56	050 - Wo23 En19 Fs58	054 - Wo23 En6 Fs70	086 - Wo25 Fs75	060- Wo30 En70	072 - Wo30 En70	087 - Wo29 Fs71	084 - Wo35 Fs65	078 - Wo38 En63	067 - Wo39 En52 Fs9	073 - Wo39 En36 Fs25	068 - Wo38 En29 Fs33	074 - Wo39 En24 Fs37	066 - Wo38 En15 Fs48	085 - Wo39 Fs61	032 - Wo46 En54	077 - Wo45 En52 Fs3	075 - Wo45 En46 Fs9	079 - Wo47 En38 Fs15	071 - Wo46 En23 Fs31	076 - Wo46 En18 Fs35	070 - Wo45 En14 Fs41
0.3	0.07353	0.05204	0.10695	0.06466	0.04992	0.03985	0.0805	0.678	0.61234	0.10222	0.11131	0.709	0.09959	0.05868	0.05933	0.05257	0.05821	0.158	0.82328	0.24866	0.15653	0.04088	0.04956	0.03594	0.04221
0.305	0.06274	0.05087	0.10369	0.05682	0.04093	0.0396	0.07097	0.68585	0.62903	0.08809	0.09777	0.71044	0.10367	0.06192	0.05702	0.0506	0.04741	0.13899	0.84215	0.26183	0.15351	0.04173	0.0425	0.03547	0.03468
0.31	0.05842	0.0508	0.09942	0.04686	0.03675	0.03594	0.06452	0.693	0.64529	0.07883	0.08538	0.7168	0.10352	0.05412	0.05334	0.05124	0.04783	0.11491	0.85073	0.27256	0.15952	0.04082	0.044	0.03581	0.03253
0.315	0.05753	0.04394	0.10551	0.04515	0.0339	0.03239	0.05856	0.69356	0.65269	0.06778	0.07583	0.71468	0.1081	0.05551	0.05315	0.05148	0.0457	0.09928	0.86358	0.28606	0.16449	0.03882	0.04416	0.03616	0.0316
0.32	0.05752	0.04726	0.10769	0.04612	0.03398	0.03188	0.04867	0.69666	0.66035	0.06129	0.0639	0.7233	0.11214	0.05604	0.05426	0.05028	0.04543	0.09019	0.87562	0.29349	0.17128	0.04033	0.0429	0.0361	0.0299
0.325	0.05868	0.04699	0.11017	0.04739	0.03276	0.03148	0.04516	0.70627	0.67334	0.05436	0.06424	0.73234	0.11691	0.05946	0.05526	0.05171	0.04706	0.08155	0.8777	0.3094	0.17728	0.04112	0.04405	0.03776	0.03232
0.33	0.06305	0.05058	0.11682	0.04823	0.03252	0.03089	0.04629	0.70864	0.67867	0.04967	0.05807	0.74494	0.12276	0.0597	0.05936	0.05407	0.05091	0.07773	0.88714	0.32297	0.1861	0.04092	0.04527	0.03804	0.03195
0.335	0.0684	0.05419	0.12515	0.05132	0.03281	0.03016	0.04557	0.71661	0.6865	0.05132	0.0575	0.75124	0.13016	0.06756	0.06281	0.05775	0.0546	0.07862	0.89068	0.34038	0.19647	0.04286	0.04757	0.0392	0.03366
0.34	0.074	0.05892	0.13795	0.05598	0.03506	0.0307	0.04455	0.71674	0.68834	0.05111	0.05641	0.7589	0.13836	0.07151	0.06797	0.06272	0.05994	0.08188	0.89153	0.36129	0.2094	0.04338	0.05103	0.04059	0.03543
0.345	0.08215	0.06427	0.1511	0.06069	0.03794	0.03161	0.0433	0.72039	0.68938	0.05064	0.05812	0.76276	0.14905	0.07754	0.07539	0.06924	0.06721	0.08672	0.89742	0.38174	0.2254	0.0451	0.05563	0.04324	0.03994
0.35	0.09242	0.0702	0.16825	0.06734	0.04145	0.03221	0.03882	0.72259	0.69178	0.04454	0.05212	0.76955	0.15887	0.08405	0.08326	0.0755	0.07483	0.08301	0.89916	0.40295	0.24493	0.04662	0.05964	0.04454	0.04322
0.355	0.10569	0.07972	0.18962	0.07796	0.04771	0.0336	0.03524	0.72494	0.69529	0.03908	0.04776	0.77152	0.17208	0.09334	0.095	0.08372	0.08502	0.08091	0.90437	0.42651	0.26719	0.0495	0.06599	0.04696	0.04887
0.36	0.12251	0.0898	0.21496	0.09136	0.05641	0.03563	0.03468	0.72906	0.69542	0.03973	0.04721	0.77507	0.1874	0.10309	0.10974	0.09365	0.09846	0.08611	0.90815	0.45116	0.29131	0.05332	0.07329	0.04898	0.0554
0.365	0.14388	0.10338	0.24524	0.10891	0.06885	0.03805	0.03696	0.73126	0.6994	0.0438	0.04913	0.77907	0.2037	0.11577	0.12907	0.1064	0.11449	0.0982	0.91201	0.47645	0.32138	0.05779	0.08235	0.05089	0.06331
0.37	0.16523	0.11819	0.27566	0.13092	0.0847	0.04249	0.04113	0.73325	0.7006	0.05054	0.05437	0.78087	0.21993	0.12915	0.15198	0.12138	0.13371	0.11423	0.91436	0.50085	0.34976	0.06253	0.09254	0.05346	0.07275
0.375	0.18974	0.13395	0.30891	0.15568	0.10478	0.04896	0.04733	0.73535	0.70224	0.05949	0.06095	0.78477	0.23652	0.14269	0.17784	0.13736	0.1549	0.13225	0.9171	0.52216	0.38017	0.06799	0.10475	0.05587	0.08295
0.38	0.2136	0.15033	0.34187	0.18373	0.12655	0.05696	0.05537	0.73786	0.70508	0.07063	0.0707	0.78706	0.25295	0.15657	0.20711	0.15469	0.17826	0.15211	0.92072	0.54482	0.4094	0.07468	0.11721	0.0587	0.09552
0.385	0.23716	0.16605	0.37404	0.21162	0.14994	0.06672	0.06513	0.74057	0.70443	0.08277	0.08197	0.78919	0.27009	0.17054	0.23645	0.17211	0.20307	0.17233	0.92258	0.5619	0.4369	0.08186	0.13015	0.06162	0.11009
0.39	0.25847	0.18011	0.40352	0.23917	0.17261	0.07692	0.07564	0.74086	0.70688	0.09612	0.09613	0.79	0.28516	0.18251	0.26617	0.18946	0.22771	0.19339	0.9262	0.57793	0.46159	0.08941	0.14283	0.06484	0.12539
0.395	0.27589	0.1914	0.42826	0.26109	0.19153	0.08642	0.08511	0.7447	0.7093	0.10803	0.10966	0.79032	0.29861	0.19273	0.2915	0.20554	0.24872	0.2114	0.92761	0.59174	0.48244	0.09676	0.15412	0.06833	0.13988
0.4	0.29731	0.20217	0.45274	0.28813	0.21496	0.09871	0.09417	0.74236	0.71059	0.11949	0.12319	0.78895	0.31139	0.20238	0.31789	0.22078	0.27012	0.22834	0.93228	0.6024	0.50285	0.10348	0.16447	0.07098	0.15296
0.405	0.31711	0.21376	0.48061	0.31795	0.23909	0.1119	0.10645	0.74499	0.71127	0.13424	0.142	0.7876	0.32466	0.21261	0.34913	0.23693	0.29287	0.24764	0.93421	0.61527	0.52274	0.11049	0.17596	0.07421	0.16815
0.41	0.33254	0.22234	0.49894	0.33736	0.25615	0.12194	0.1163	0.74552	0.71373	0.14736	0.15813	0.79164	0.33533	0.22076	0.37111	0.25159	0.31276	0.26363	0.93549	0.62392	0.53854	0.11666	0.18518	0.07689	0.18085
0.415	0.34365	0.22841	0.51241	0.35122	0.26858	0.12996	0.12227	0.74735	0.713	0.15655	0.16997	0.79402	0.34418	0.22666	0.38636	0.26211	0.32555	0.27633	0.93569	0.6321	0.54883	0.12137	0.19265	0.07945	0.19131
0.42	0.35242	0.23365	0.52388	0.3631	0.27949	0.13731	0.12775	0.74876	0.71457	0.16497	0.17759	0.79636	0.35156	0.23161	0.39782	0.27152	0.3371	0.28665	0.93632	0.63768	0.55846	0.12472	0.19869	0.08158	0.19935
0.425	0.35903	0.23735	0.53171	0.37221	0.28579	0.14277	0.13253	0.74917	0.715	0.17269	0.1874	0.79855	0.35815	0.23615	0.40959	0.28099	0.34651	0.29742	0.93751	0.64429	0.56628	0.12773	0.20484	0.08323	0.20603
0.43	0.35919	0.23843	0.53119	0.37127	0.28413	0.14416	0.13439	0.751	0.71646	0.17663	0.18987	0.8034	0.3614	0.23822	0.41259	0.28573	0.35017	0.30402	0.93846	0.64641	0.57076	0.12911	0.20801	0.08435	0.20869
0.435	0.35868	0.23814	0.52868	0.36448	0.28166	0.14237	0.13139	0.75227	0.71623	0.17427	0.18669	0.80332	0.36217	0.23822	0.40574	0.28736	0.34544	0.30535	0.9394	0.64684	0.56938	0.12858	0.2083	0.08455	0.20745
0.44	0.36228	0.24163	0.53381	0.36747	0.28504	0.1436	0.13061	0.75318	0.71737	0.17389	0.18475	0.80555	0.36467	0.23965	0.40786	0.28994	0.34616	0.30738	0.93916	0.65259	0.57425	0.12827	0.20994	0.08457	0.20696
0.445	0.36899	0.24596	0.54217	0.37895	0.29398	0.14915	0.13536	0.75299	0.71819	0.18023	0.19307	0.81002	0.36786	0.24343	0.42024	0.29714	0.35325	0.31527	0.93889	0.65694	0.58006	0.12886	0.21359	0.08469	0.20779
0.45	0.37138	0.24947	0.54817	0.38649	0.29979	0.15337	0.13927	0.75481	0.71889	0.18549	0.19857	0.81272	0.37021	0.2458	0.42974	0.30144	0.35877	0.32176	0.93976	0.66202	0.58586	0.12904	0.21616	0.0847	0.20797
0.455	0.37518	0.25248	0.55399	0.39292	0.30502	0.15689	0.14146	0.75566	0.71892	0.1886	0.20235	0.81369	0.37292	0.24858	0.43663	0.30637	0.36308	0.32591	0.9398	0.66363	0.58909	0.12962	0.21905	0.08503	0.20931
0.46	0.38169	0.25678	0.56199	0.40245	0.31351	0.16251	0.14538	0.75556	0.72088	0.19464	0.20838	0.81697	0.37741	0.25181	0.44638	0.31263	0.36975	0.33244	0.94011	0.66879	0.59616	0.13185	0.22256	0.08619	0.21289
0.465	0.3865	0.25924	0.5665	0.40768	0.31771	0.16605	0.14838	0.7573	0.72079	0.19969	0.21363	0.81883	0.38195	0.25482	0.45299	0.3187	0.3757	0.33795	0.94146	0.67107	0.59996	0.13461	0.22678	0.08761	0.21859
0.47	0.38897	0.2602	0.56803	0.40715	0.31695	0.1664	0.14869	0.75532	0.72184	0.20089	0.21583	0.82083	0.38637	0.25646	0.45416	0.32196	0.3786	0.34134	0.94171	0.67422	0.60353	0.13735	0.22948	0.08906	0.22335
0.475	0.39394	0.26208	0.57252	0.40907	0.31858	0.16734	0.1486	0.75866	0.72274	0.20144	0.21657	0.82589	0.39135	0.25954	0.45764	0.32634	0.38287	0.34363	0.9432	0.67738	0.60648	0.14011	0.23327	0.09042	0.22896
0.48	0.39854	0.26436	0.57583	0.41298	0.32106	0.17028	0.15079	0.75824	0.72379	0.20556	0.22123	0.82864	0.39566	0.26186	0.46174	0.33036	0.38865	0.34923	0.94386	0.68022	0.61066	0.14277	0.23634	0.09204	0.23419
0.485	0.40367	0.26693	0.57959	0.41841	0.32616	0.17401	0.1534	0.7594	0.72237	0.20991	0.22542	0.83048	0.39965	0.2643	0.4666	0.33432	0.39338	0.35383	0.944	0.68263	0.61281	0.1452	0.23955	0.09338	0.23892
0.49	0.41036	0.27036	0.58759	0.42622	0.33475	0.17999	0.15632	0.76011	0.7241	0.2154	0.23118	0.83441	0.40404	0.26738	0.47247	0.33824	0.4001	0.36011	0.94447	0.68504	0.61757	0.1482	0.24375	0.09493	0.24447
0.495	0.41976	0.27557	0.59991	0.44291	0.34996	0.19047	0.16345	0.7604	0.7239	0.22692	0.24496	0.83512	0.41019	0.27237	0.48599	0.34632	0.41307	0.36952	0.94548	0.68833	0.62329	0.15268	0.25002	0.09711	0.25372
0.5	0.42226	0.27646	0.60142	0.44531	0.35236	0.19499	0.16707	0.76019	0.72519	0.23419	0.25128	0.83823	0.4149	0.27499	0.489	0.3503	0.41986	0.37514	0.94603	0.68836	0.62511	0.1568	0.25432	0.09926	0.26121
0.505	0.40825	0.26741	0.57562	0.42179	0.32685	0.18621	0.16278	0.76084	0.72407	0.23027	0.24095	0.83947	0.41524	0.27304	0.46937	0.34473	0.41174	0.37136	0.94553	0.68218	0.61573	0.15855	0.25324	0.10108	0.26417
0.51	0.39525	0.25703	0.55051	0.37968	0.30247	0.16603	0.14094	0.76006	0.72571	0.20293	0.19813	0.84059	0.41121	0.26293	0.41608	0.32265	0.37442	0.34571	0.94472	0.68105	0.59853	0.15479	0.24125	0.10147	0.25251
0.515	0.42624	0.27236	0.59126	0.41706	0.33739	0.18284	0.14724	0.76157	0.72539	0.21042	0.21801	0.84276	0.42667	0.27419	0.45226	0.33938	0.40422	0.35846	0.94613	0.69038	0.6175	0.16389	0.25648	0.10541	0.27524
0.52	0.45194	0.28525	0.62129	0.46577	0.37923	0.21387	0.16921	0.76139	0.72664	0.24576	0.25554	0.84644	0.43923	0.28596	0.4956	0.36101	0.44359	0.38373	0.94842	0.69579	0.63312	0.17407	0.27043	0.10943	0.29775
0.525	0.46378	0.29156	0.63637	0.48864	0.39997	0.23152	0.18092	0.76315	0.72617	0.26702	0.27757	0.84936	0.44767	0.29198	0.51487	0.3714	0.46422	0.39804	0.94943	0.6973	0.63975	0.18034	0.27845	0.11274	0.31356
0.53	0.47101	0.29467	0.64364	0.50197	0.4115	0.24269	0.18798	0.76219	0.72669	0.28107	0.29085	0.85127	0.4531	0.29601	0.52307	0.3771	0.4772	0.40601	0.94973	0.6985	0.64403	0.1857	0.28401	0.1155	0.32618
0.535	0.47546	0.29659	0.64699	0.50851	0.4182	0.2503	0.19187	0.76376	0.7265	0.29067	0.29969	0.85322	0.45808	0.299	0.52707	0.38014	0.48576	0.4113	0.94931	0.6976	0.64391	0.1901	0.2883	0.1178	0.33684
0.54	0.47502	0.29619	0.6434	0.50765	0.41693	0.25288	0.19349	0.76337	0.72768	0.2955	0.3014	0.85501	0.4607	0.29996	0.52474	0.37998	0.48979	0.41344	0.95001	0.69756	0.64355	0.19299	0.28997	0.11966	0.3438
0.545	0.47042	0.29427	0.63469	0.49692	0.4078	0.24885	0.1906	0.76432	0.72708	0.29261	0.29524	0.85638	0.46212	0.29999	0.5151	0.37702	0.48521	0.41152	0.95014	0.69502	0.6406	0.19429	0.29015	0.12099	0.34703
0.55	0.46595	0.29197	0.62867	0.48114	0.3975	0.24016	0.18328	0.76375	0.72804	0.28043	0.27963	0.85939	0.46157	0.29787	0.49979	0.3711	0.47369	0.4043	0.9496	0.69492	0.63645	0.19433	0.28776	0.12142	0.34573
0.555	0.47429	0.29468	0.63576	0.48798	0.4055	0.24334	0.18314	0.76435	0.72705	0.27976	0.28452	0.85571	0.46725	0.3011	0.50453	0.37361	0.47958	0.40674	0.94953	0.6981	0.64013	0.19732	0.29134	0.12273	0.35418
0.56	0.48916	0.3021	0.65419	0.5165	0.43054	0.26257	0.19494	0.7633	0.72867	0.30219	0.30745	0.86045	0.47364	0.30728	0.52591	0.38271	0.5022	0.42016	0.95077	0.70337	0.64851	0.20282	0.29818	0.12477	0.36666
0.565	0.50126	0.30753	0.66773	0.54027	0.4527	0.28021	0.20355	0.76524	0.72848	0.32026	0.32285	0.86197	0.4796	0.31225	0.5431	0.39029	0.51905	0.42798	0.95093	0.70474	0.65287	0.20737	0.30398	0.12624	0.3768
0.57	0.50935	0.31144	0.67656	0.55534	0.46715	0.29146	0.20825	0.76488	0.72912	0.3322	0.33234	0.86423	0.48326	0.31555	0.5529	0.394	0.53047	0.43407	0.95176	0.70611	0.65657	0.21033	0.30759	0.12737	0.38378
0.575	0.51534	0.31388	0.68243	0.56466	0.47804	0.29922	0.21126	0.76546	0.72871	0.33932	0.33662	0.86621	0.48692	0.3183	0.55915	0.39649	0.53747	0.43676	0.9516	0.7061	0.65735	0.21313	0.31017	0.12814	0.38942
0.58	0.51947	0.31618	0.68615	0.57262	0.4854	0.30488	0.21321	0.76483	0.72941	0.34471	0.34117	0.86877	0.48952	0.32067	0.56211	0.39802	0.54306	0.4401	0.95177	0.70804	0.65932	0.21509	0.31233	0.12902	0.39346
0.585	0.52286	0.3175	0.68886	0.57702	0.49099	0.30873	0.21451	0.76549	0.72869	0.34807	0.34251	0.8687	0.49201	0.3224	0.56464	0.39841	0.5465	0.44131	0.95159	0.70739	0.65917	0.21709	0.31388	0.12952	0.39673
0.59	0.52621	0.31937	0.69135	0.58095	0.49562	0.31184	0.2156	0.76496	0.72987	0.35087	0.34464	0.87118	0.49331	0.32419	0.56609	0.39884	0.5495	0.44353	0.9528	0.70884	0.66034	0.21847	0.31537	0.12998	0.39919
0.595	0.52929	0.32059	0.6935	0.58355	0.49939	0.31375	0.21613	0.76588	0.72927	0.35299	0.34457	0.87266	0.49557	0.32568	0.5668	0.39943	0.55164	0.44406	0.9522	0.70856	0.66089	0.22032	0.31627	0.13035	0.40117
0.6	0.53108	0.32172	0.69464	0.58687	0.50186	0.3161	0.21678	0.76577	0.73046	0.35431	0.34602	0.87436	0.49698	0.32731	0.56798	0.39948	0.55388	0.44539	0.95326	0.70912	0.66074	0.22117	0.31726	0.13046	0.40259
0.605	0.53361	0.32281	0.69511	0.58851	0.5045	0.3172	0.21698	0.76619	0.73018	0.35534	0.34556	0.87544	0.49866	0.32884	0.56854	0.39884	0.55486	0.44603	0.95363	0.70772	0.66137	0.22267	0.31816	0.13064	0.40341
0.61	0.53382	0.3237	0.69592	0.59006	0.50569	0.31784	0.2173	0.76625	0.7314	0.35566	0.34597	0.87503	0.49953	0.33031	0.56794	0.39904	0.55603	0.4469	0.95302	0.70812	0.66052	0.22335	0.3185	0.13081	0.40428
0.615	0.5358	0.32544	0.69686	0.59035	0.507	0.31781	0.21723	0.76609	0.73045	0.35586	0.34458	0.87385	0.50099	0.33137	0.56747	0.39813	0.55612	0.44694	0.95287	0.70686	0.65938	0.22453	0.31888	0.13081	0.40408
0.62	0.53636	0.32615	0.69659	0.59117	0.50804	0.3182	0.21684	0.76616	0.73163	0.35498	0.34374	0.87352	0.50097	0.33271	0.5669	0.39768	0.55662	0.44761	0.9525	0.70718	0.6598	0.22533	0.31922	0.13102	0.40381
0.625	0.53677	0.32733	0.6974	0.59112	0.50866	0.31799	0.21692	0.7669	0.7307	0.35503	0.34228	0.87302	0.50195	0.33368	0.56603	0.3967	0.556	0.44765	0.95185	0.70591	0.65897	0.226	0.31931	0.13098	0.40374
0.63	0.53779	0.32787	0.69664	0.59101	0.5088	0.31739	0.21649	0.76626	0.73178	0.35407	0.34029	0.87174	0.50245	0.33489	0.56474	0.39594	0.55577	0.44788	0.95217	0.70594	0.65805	0.22671	0.31929	0.13088	0.4033
0.635	0.53971	0.32886	0.69732	0.58966	0.50901	0.31689	0.21604	0.76639	0.73141	0.35331	0.34041	0.87106	0.50343	0.33577	0.56388	0.39538	0.5548	0.44874	0.95196	0.70397	0.65686	0.22728	0.31951	0.13075	0.40291
0.64	0.54004	0.32981	0.69742	0.58937	0.50796	0.31611	0.21591	0.76752	0.73186	0.3526	0.33739	0.87083	0.50382	0.33672	0.56227	0.39472	0.55412	0.44755	0.95223	0.70422	0.65636	0.22771	0.31952	0.13074	0.40195
0.645	0.54161	0.32994	0.69628	0.5886	0.50815	0.31555	0.2153	0.76702	0.73155	0.3517	0.3367	0.87042	0.50439	0.33762	0.56118	0.39381	0.55346	0.44705	0.95239	0.70253	0.65578	0.22859	0.31966	0.13057	0.40197
0.65	0.54186	0.33056	0.69598	0.58691	0.5071	0.31439	0.2151	0.76705	0.73234	0.35039	0.33453	0.87158	0.50463	0.33819	0.55974	0.39309	0.55244	0.44751	0.9523	0.70274	0.65536	0.22881	0.31956	0.1306	0.40091
0.655	0.54169	0.33076	0.69473	0.58563	0.50623	0.3133	0.21432	0.76781	0.73157	0.34929	0.33375	0.87145	0.50493	0.33891	0.55886	0.39146	0.55143	0.44779	0.95187	0.70072	0.65427	0.22946	0.31968	0.13039	0.40013
0.66	0.54177	0.331	0.69381	0.58494	0.50431	0.31226	0.21378	0.76736	0.73219	0.34809	0.33142	0.87255	0.5056	0.33946	0.55764	0.39108	0.55059	0.44743	0.95219	0.70132	0.65413	0.22982	0.31957	0.13048	0.39928
0.665	0.5419	0.33153	0.69282	0.58275	0.50234	0.31075	0.21328	0.76756	0.7323	0.347	0.32984	0.87396	0.50585	0.33992	0.5561	0.38992	0.54916	0.44734	0.95299	0.69913	0.65356	0.23034	0.31955	0.13025	0.39845
0.67	0.5431	0.33168	0.6926	0.5813	0.50166	0.30957	0.21281	0.76768	0.73285	0.34563	0.32807	0.87458	0.50538	0.34067	0.55379	0.38914	0.54804	0.44744	0.95398	0.69929	0.65316	0.23052	0.3195	0.13022	0.39751
0.675	0.54324	0.33187	0.69136	0.57953	0.50084	0.30808	0.21226	0.76784	0.73229	0.34491	0.32673	0.87352	0.50627	0.34093	0.5538	0.38805	0.54666	0.44784	0.95372	0.69732	0.65214	0.23076	0.31959	0.13003	0.39695
0.68	0.54302	0.33187	0.69067	0.57814	0.49745	0.30673	0.21189	0.76803	0.73302	0.34344	0.32542	0.87416	0.50625	0.34157	0.55167	0.38751	0.54541	0.44758	0.95346	0.69737	0.65223	0.23114	0.31956	0.13001	0.39578
0.685	0.54313	0.33131	0.6889	0.57616	0.4985	0.30523	0.21143	0.76823	0.73311	0.34174	0.32333	0.87448	0.50643	0.34187	0.55108	0.3867	0.54387	0.44727	0.95363	0.69478	0.65055	0.23136	0.31918	0.12971	0.39506
0.69	0.54266	0.33206	0.68907	0.57478	0.49517	0.30378	0.21068	0.76782	0.73256	0.33983	0.32182	0.87581	0.50597	0.34206	0.5489	0.38572	0.54244	0.44752	0.9543	0.69456	0.65029	0.2315	0.31911	0.12972	0.39371
0.695	0.54248	0.33174	0.68802	0.57227	0.49253	0.30228	0.20979	0.76917	0.73315	0.33836	0.31904	0.87626	0.50611	0.34238	0.54817	0.3841	0.54135	0.44605	0.95444	0.6927	0.64975	0.23172	0.31884	0.12938	0.39296
0.7	0.54194	0.33119	0.6858	0.57086	0.49106	0.30095	0.20911	0.76807	0.73345	0.33578	0.31812	0.87718	0.50566	0.34237	0.54625	0.38344	0.53973	0.44632	0.9543	0.6918	0.64929	0.2318	0.31849	0.12944	0.39154
0.705	0.54158	0.33102	0.6845	0.56832	0.48896	0.299	0.20819	0.76867	0.73444	0.33409	0.31576	0.87691	0.5058	0.34316	0.54512	0.38318	0.53791	0.44547	0.95423	0.68956	0.64792	0.23169	0.31817	0.12908	0.3906
0.71	0.54179	0.33097	0.68379	0.56688	0.48585	0.29768	0.20744	0.76875	0.73437	0.33243	0.31413	0.87771	0.5049	0.34293	0.54333	0.38218	0.53623	0.44473	0.95417	0.68865	0.64747	0.23211	0.31787	0.12888	0.38947
0.715	0.54062	0.33047	0.6832	0.56406	0.48461	0.29586	0.20654	0.76912	0.73381	0.3303	0.31156	0.87922	0.50464	0.34298	0.54178	0.38146	0.53482	0.44395	0.95557	0.6857	0.64677	0.23188	0.31733	0.12865	0.38807
0.72	0.53951	0.33035	0.68087	0.56233	0.48208	0.29447	0.2057	0.76957	0.73466	0.32838	0.31023	0.88037	0.50429	0.34279	0.54039	0.38085	0.53296	0.44391	0.95498	0.68516	0.64604	0.23202	0.31698	0.12847	0.38703
0.725	0.53777	0.32954	0.67856	0.5597	0.47901	0.2929	0.20471	0.76953	0.73443	0.32637	0.30739	0.88152	0.50356	0.34288	0.53903	0.37968	0.53144	0.44245	0.95649	0.68295	0.64532	0.23161	0.3167	0.12827	0.38573
0.73	0.53692	0.32817	0.67563	0.55754	0.47648	0.29128	0.20403	0.76972	0.73426	0.32444	0.30574	0.88397	0.50322	0.34263	0.5377	0.37886	0.52999	0.44158	0.95595	0.68145	0.64455	0.23193	0.31616	0.12809	0.38409
0.735	0.53494	0.32754	0.67354	0.55528	0.47342	0.28979	0.20298	0.76907	0.73469	0.32277	0.30324	0.88449	0.50242	0.34218	0.53583	0.3783	0.52835	0.44072	0.95592	0.67827	0.64323	0.23114	0.31563	0.12783	0.38302
0.74	0.53349	0.32689	0.67146	0.55294	0.47033	0.28843	0.2021	0.76902	0.73499	0.32113	0.30209	0.88766	0.50185	0.34209	0.53428	0.37754	0.52626	0.4407	0.95574	0.67828	0.64232	0.23141	0.31507	0.12771	0.38146
0.745	0.53056	0.32609	0.66998	0.54925	0.46629	0.28654	0.20144	0.76889	0.7346	0.31966	0.29914	0.88574	0.50111	0.3416	0.53214	0.37689	0.52495	0.43901	0.9567	0.67565	0.64152	0.23104	0.31493	0.12757	0.38097
0.75	0.52886	0.32508	0.66648	0.54719	0.4628	0.28489	0.20064	0.76905	0.7354	0.31799	0.29753	0.88628	0.50032	0.34145	0.5308	0.37658	0.52322	0.43869	0.95661	0.67377	0.64074	0.2309	0.31388	0.12749	0.37917
0.755	0.52571	0.32387	0.66311	0.54393	0.45879	0.28328	0.1997	0.76912	0.73449	0.31676	0.29454	0.88998	0.49927	0.3409	0.52826	0.37595	0.52158	0.43707	0.95693	0.67087	0.63919	0.23073	0.31369	0.12714	0.37826
0.76	0.52291	0.32269	0.65912	0.5407	0.45439	0.28124	0.19883	0.77005	0.73447	0.31557	0.29313	0.88973	0.49849	0.34004	0.52638	0.37519	0.51982	0.43681	0.95665	0.66883	0.63779	0.23039	0.31289	0.12708	0.37703
0.765	0.51886	0.32068	0.65488	0.53721	0.4487	0.27972	0.19807	0.76928	0.73531	0.31382	0.29056	0.88992	0.49712	0.3395	0.5228	0.37531	0.51817	0.4351	0.95542	0.66673	0.6367	0.23007	0.31229	0.12721	0.37577
0.77	0.51531	0.31899	0.65026	0.53281	0.44321	0.27753	0.1972	0.76995	0.73467	0.31242	0.28877	0.89126	0.49667	0.33874	0.5218	0.37437	0.51582	0.43438	0.95586	0.6651	0.63555	0.23006	0.31198	0.12728	0.37474
0.775	0.50985	0.31693	0.64473	0.52802	0.4368	0.27508	0.19622	0.76983	0.73513	0.311	0.2862	0.89165	0.49493	0.33835	0.51816	0.37433	0.51374	0.43234	0.95522	0.66167	0.63392	0.22972	0.31134	0.12735	0.37396
0.78	0.50467	0.31438	0.63874	0.52323	0.42944	0.27243	0.19513	0.76998	0.73573	0.3094	0.28306	0.89397	0.49402	0.33738	0.51552	0.3738	0.51121	0.43123	0.95634	0.66009	0.63258	0.22944	0.31073	0.12734	0.3735
0.785	0.49804	0.31188	0.63245	0.51788	0.42096	0.26972	0.19404	0.76962	0.73475	0.30776	0.282	0.89679	0.49225	0.33589	0.51198	0.37323	0.50907	0.4305	0.9569	0.6565	0.63019	0.22896	0.30977	0.12753	0.372
0.79	0.49126	0.3091	0.62528	0.51035	0.41166	0.26612	0.19271	0.76997	0.73513	0.30599	0.27775	0.89882	0.49093	0.33489	0.50837	0.37259	0.50589	0.42817	0.95535	0.654	0.62856	0.22854	0.30937	0.12772	0.37157
0.795	0.483	0.30539	0.61625	0.50254	0.4012	0.26179	0.19159	0.76982	0.73506	0.30391	0.27642	0.89717	0.4892	0.33348	0.5039	0.37157	0.50276	0.42706	0.95645	0.6505	0.62626	0.22814	0.30846	0.12806	0.37078
0.8	0.47657	0.30211	0.60878	0.49592	0.39192	0.2584	0.19021	0.77001	0.73596	0.3011	0.27278	0.89958	0.48811	0.33202	0.50037	0.37158	0.49962	0.42529	0.95646	0.64784	0.62389	0.22783	0.3088	0.12849	0.37041
0.805	0.46497	0.29747	0.59668	0.48508	0.3779	0.25263	0.18819	0.77006	0.73588	0.29931	0.26982	0.90144	0.48466	0.33098	0.4937	0.37008	0.49581	0.42352	0.95553	0.64451	0.62129	0.22801	0.30741	0.129	0.36982
0.81	0.45465	0.29239	0.58504	0.47445	0.36379	0.2465	0.18687	0.76992	0.73527	0.29551	0.2674	0.8998	0.48251	0.3285	0.48929	0.36862	0.49157	0.42254	0.95659	0.64326	0.61938	0.2271	0.3062	0.12955	0.36845
0.815	0.44349	0.28724	0.57408	0.46202	0.34975	0.23915	0.18485	0.77045	0.7366	0.29278	0.26272	0.90118	0.47969	0.32665	0.48248	0.3667	0.48686	0.41832	0.9559	0.63745	0.61441	0.22634	0.30503	0.12978	0.36765
0.82	0.43086	0.28155	0.56072	0.45138	0.33471	0.232	0.18343	0.77053	0.73579	0.28816	0.2605	0.90215	0.47677	0.32373	0.47529	0.3644	0.48255	0.41695	0.95614	0.63482	0.61301	0.22517	0.30399	0.13001	0.36635
0.825	0.41877	0.27458	0.5473	0.43704	0.3194	0.22373	0.18104	0.7698	0.73569	0.28403	0.25564	0.90296	0.47386	0.32116	0.4684	0.36195	0.47593	0.41347	0.95531	0.63006	0.60913	0.22484	0.30236	0.13012	0.36501
0.83	0.40515	0.26805	0.53391	0.42359	0.30339	0.21552	0.17879	0.76884	0.73486	0.27898	0.2513	0.90312	0.46905	0.31753	0.45979	0.35816	0.46941	0.41003	0.95551	0.62639	0.60415	0.22252	0.30084	0.1299	0.363
0.835	0.39165	0.26119	0.5192	0.40843	0.28745	0.2064	0.17537	0.7712	0.73542	0.27318	0.24677	0.90265	0.46486	0.31407	0.45037	0.35483	0.46208	0.40665	0.95456	0.62099	0.59881	0.22189	0.29855	0.13007	0.36105
0.84	0.37741	0.25292	0.50396	0.39229	0.27159	0.19615	0.1719	0.77077	0.73587	0.2661	0.24228	0.90262	0.45951	0.31024	0.44031	0.35037	0.45339	0.40355	0.95434	0.61574	0.59299	0.21989	0.29595	0.1303	0.3588
0.845	0.36317	0.24525	0.48795	0.3767	0.25559	0.18644	0.16822	0.77031	0.73583	0.25841	0.23652	0.90351	0.45407	0.30515	0.42919	0.34527	0.44458	0.39862	0.95523	0.61017	0.5887	0.21797	0.29349	0.13046	0.3555
0.85	0.34764	0.23675	0.47195	0.3598	0.23961	0.17571	0.1643	0.76941	0.7353	0.25067	0.23145	0.9015	0.44702	0.30098	0.41809	0.33917	0.43546	0.3946	0.9553	0.6059	0.58366	0.21504	0.29008	0.13041	0.35267
0.855	0.33226	0.22754	0.45692	0.34207	0.22364	0.16521	0.15916	0.7707	0.73643	0.24185	0.22461	0.90223	0.43928	0.29433	0.40492	0.33178	0.4237	0.38909	0.95444	0.60024	0.57673	0.21288	0.28612	0.13046	0.34771
0.86	0.31757	0.21987	0.43911	0.32527	0.20902	0.15475	0.15538	0.77084	0.73653	0.23202	0.21865	0.90183	0.43167	0.28932	0.3918	0.32543	0.41274	0.38419	0.95366	0.59327	0.56912	0.20954	0.28248	0.13024	0.34359
0.865	0.30331	0.21054	0.4227	0.30941	0.19566	0.14417	0.1508	0.76948	0.73595	0.22206	0.21181	0.90223	0.42353	0.28311	0.37749	0.31878	0.40094	0.37773	0.95409	0.58652	0.56148	0.20686	0.27862	0.12989	0.33911
0.87	0.28785	0.20123	0.40499	0.2918	0.18205	0.13534	0.14452	0.76969	0.73556	0.21246	0.2061	0.90537	0.41467	0.27528	0.36375	0.30828	0.38826	0.3726	0.95517	0.57697	0.55224	0.20254	0.27209	0.12908	0.3331
0.875	0.27478	0.19265	0.39224	0.27706	0.17009	0.12683	0.13888	0.76981	0.73513	0.20194	0.19864	0.90231	0.40482	0.2675	0.34886	0.29946	0.3744	0.36522	0.9526	0.56998	0.54329	0.19843	0.26755	0.12897	0.32803
0.88	0.2598	0.18407	0.37518	0.26115	0.15751	0.11764	0.13333	0.77153	0.73436	0.19174	0.19168	0.90386	0.39445	0.2603	0.33317	0.29062	0.36137	0.35844	0.95386	0.5613	0.53326	0.19456	0.26135	0.12834	0.32022
0.885	0.24684	0.17545	0.36082	0.24654	0.14771	0.10946	0.12752	0.77152	0.73473	0.18141	0.18439	0.9038	0.38434	0.25252	0.31773	0.2814	0.34753	0.35071	0.95361	0.55265	0.52288	0.18988	0.25564	0.12683	0.31381
0.89	0.23496	0.16756	0.34534	0.23195	0.13755	0.10233	0.12259	0.77268	0.73516	0.17124	0.17749	0.90209	0.37371	0.24464	0.30304	0.27094	0.33341	0.34312	0.9521	0.54164	0.5123	0.18454	0.24816	0.12589	0.30643
0.895	0.22287	0.16024	0.33249	0.21826	0.12884	0.09526	0.11609	0.77094	0.73621	0.16172	0.17023	0.90287	0.36203	0.23526	0.28797	0.261	0.31878	0.33472	0.95185	0.53088	0.50014	0.18002	0.24211	0.12444	0.29891
0.9	0.21111	0.15199	0.3189	0.2052	0.12025	0.08934	0.11013	0.77144	0.73587	0.15158	0.16236	0.90337	0.35078	0.22674	0.27275	0.25059	0.30428	0.32646	0.9516	0.51992	0.48869	0.17406	0.23433	0.12323	0.29032
0.905	0.20199	0.14542	0.30661	0.19334	0.11395	0.08353	0.10373	0.77016	0.73659	0.1414	0.15549	0.90256	0.33902	0.21808	0.25865	0.24047	0.29239	0.31708	0.95109	0.50902	0.47696	0.16879	0.22696	0.12225	0.28296
0.91	0.19157	0.13857	0.29337	0.18207	0.10719	0.07872	0.09807	0.77108	0.73629	0.13317	0.14855	0.90246	0.32663	0.20901	0.24408	0.22998	0.2785	0.3075	0.95095	0.49762	0.46513	0.16426	0.22004	0.11981	0.27403
0.915	0.18235	0.13259	0.28236	0.17247	0.10135	0.07425	0.09415	0.77037	0.73568	0.12524	0.14187	0.90449	0.315	0.20042	0.23116	0.22048	0.26528	0.30031	0.94875	0.48576	0.4519	0.15835	0.21313	0.11873	0.26605
0.92	0.17418	0.12652	0.27127	0.16274	0.09589	0.06997	0.08839	0.77145	0.73647	0.11767	0.13596	0.90252	0.30402	0.19231	0.21761	0.21013	0.25173	0.2897	0.94816	0.47413	0.43786	0.1523	0.20458	0.11751	0.25696
0.925	0.16605	0.12122	0.26117	0.15421	0.09113	0.06659	0.08395	0.77086	0.73554	0.11051	0.12987	0.90187	0.29268	0.18428	0.20625	0.20092	0.24016	0.2812	0.94828	0.461	0.42511	0.14709	0.19718	0.11528	0.24838
0.93	0.15845	0.11633	0.25137	0.14643	0.08708	0.06357	0.07949	0.77118	0.73605	0.10392	0.12374	0.90166	0.28087	0.17598	0.19416	0.19256	0.22832	0.27232	0.94846	0.44929	0.41135	0.14153	0.18958	0.11352	0.23917
0.935	0.1523	0.11164	0.24296	0.13908	0.0836	0.06122	0.07513	0.77147	0.73653	0.09769	0.11771	0.9028	0.27097	0.16791	0.18369	0.18334	0.21703	0.2627	0.94735	0.4356	0.39857	0.13582	0.18224	0.1116	0.23105
0.94	0.14647	0.10777	0.23428	0.13228	0.08057	0.05876	0.07098	0.77157	0.7363	0.09267	0.11275	0.90316	0.2604	0.16059	0.17391	0.17556	0.20689	0.25333	0.94691	0.42409	0.3846	0.13136	0.175	0.10993	0.22238
0.945	0.14115	0.10387	0.22696	0.12637	0.07777	0.05671	0.06777	0.77135	0.73599	0.08819	0.10772	0.90333	0.25096	0.15398	0.16461	0.16758	0.19704	0.24543	0.94649	0.41144	0.37289	0.12608	0.16867	0.10823	0.21449
0.95	0.13623	0.10058	0.21998	0.12093	0.07541	0.05515	0.06366	0.77098	0.73539	0.08354	0.10264	0.90181	0.24176	0.1474	0.15588	0.16044	0.18809	0.23586	0.94558	0.39894	0.36073	0.12061	0.16159	0.1062	0.2057
0.955	0.13302	0.09724	0.21389	0.11647	0.07391	0.05381	0.06177	0.77057	0.73641	0.07956	0.09836	0.90312	0.23251	0.14173	0.14821	0.15381	0.17992	0.22754	0.94508	0.38762	0.34882	0.11655	0.15507	0.10448	0.19817
0.96	0.1284	0.0946	0.20802	0.11193	0.07197	0.05245	0.05841	0.77083	0.73499	0.07551	0.09429	0.90297	0.22461	0.13565	0.14051	0.14798	0.1719	0.21832	0.9446	0.37548	0.33718	0.11202	0.1492	0.10251	0.19043
0.965	0.12534	0.09241	0.20275	0.10844	0.07082	0.05141	0.0563	0.77087	0.73629	0.07249	0.0904	0.90178	0.21729	0.13097	0.13466	0.14218	0.16438	0.21255	0.94325	0.36452	0.32636	0.10795	0.14341	0.10073	0.1832
0.97	0.12236	0.09006	0.19819	0.10526	0.06972	0.0505	0.05428	0.77137	0.73514	0.06985	0.08689	0.90205	0.2099	0.12591	0.12835	0.13722	0.15808	0.20396	0.94258	0.35373	0.31543	0.10377	0.1378	0.0991	0.17606
0.975	0.12025	0.08832	0.19379	0.10232	0.06925	0.04977	0.05271	0.77103	0.73536	0.06768	0.08398	0.90318	0.2035	0.12178	0.12328	0.13304	0.1522	0.19838	0.94167	0.34387	0.30605	0.10025	0.13318	0.09699	0.17033
0.98	0.11799	0.087	0.18961	0.10029	0.06873	0.04943	0.05086	0.771	0.73566	0.06551	0.08131	0.9031	0.198	0.11818	0.11869	0.12866	0.14683	0.19169	0.94086	0.33446	0.29677	0.097	0.12836	0.09578	0.16434
0.985	0.11656	0.08596	0.18724	0.0977	0.06814	0.04893	0.04973	0.77115	0.73587	0.06414	0.07876	0.90247	0.19365	0.11493	0.11509	0.12502	0.14229	0.18614	0.94148	0.32592	0.28858	0.09385	0.12426	0.0942	0.15818
0.99	0.11558	0.08506	0.18462	0.09673	0.06874	0.04858	0.04828	0.7714	0.73651	0.06302	0.07632	0.9017	0.18832	0.11211	0.11152	0.12218	0.13884	0.18086	0.93956	0.31756	0.28073	0.09111	0.12063	0.09315	0.15329
0.995	0.1151	0.08463	0.18279	0.09555	0.06881	0.04848	0.04747	0.77096	0.73586	0.06176	0.07449	0.90201	0.1847	0.10956	0.10846	0.11974	0.13497	0.17613	0.93891	0.31099	0.27383	0.08876	0.11705	0.09145	0.1482
1	0.11509	0.08398	0.18197	0.09464	0.06922	0.0488	0.04653	0.7697	0.7349	0.06042	0.07289	0.90167	0.18133	0.10778	0.10663	0.11755	0.13242	0.17255	0.93723	0.3036	0.26748	0.08683	0.11403	0.09022	0.14459
1.005	0.11515	0.08423	0.18107	0.09451	0.07014	0.04878	0.0458	0.77003	0.73511	0.06009	0.07155	0.90209	0.17911	0.10628	0.1051	0.11567	0.12998	0.16866	0.93713	0.29946	0.26173	0.0849	0.11141	0.08928	0.14032
1.01	0.11623	0.08478	0.18166	0.09526	0.07133	0.04919	0.04558	0.77033	0.73404	0.05997	0.07077	0.90108	0.17791	0.10562	0.10401	0.11468	0.12857	0.16579	0.93652	0.29471	0.25791	0.08322	0.10938	0.08851	0.13765
1.015	0.11726	0.08567	0.18299	0.09566	0.07247	0.05007	0.04553	0.77205	0.73501	0.05969	0.06936	0.90213	0.1773	0.10503	0.10331	0.11418	0.12778	0.16358	0.9371	0.29193	0.25535	0.08208	0.10764	0.0876	0.13496
1.02	0.11937	0.08663	0.1851	0.09688	0.07432	0.0504	0.04533	0.77131	0.73506	0.06088	0.06869	0.90154	0.17731	0.10526	0.10356	0.11414	0.12769	0.16218	0.93626	0.28987	0.25254	0.08135	0.1065	0.08697	0.13328
1.025	0.12191	0.08837	0.18808	0.09835	0.07629	0.05129	0.04562	0.77109	0.73576	0.06078	0.06866	0.90248	0.17822	0.10572	0.10413	0.11486	0.12841	0.16147	0.9352	0.28846	0.25167	0.08101	0.10575	0.08652	0.1316
1.03	0.12541	0.0907	0.19186	0.10081	0.07898	0.05243	0.04574	0.7715	0.73546	0.06163	0.0683	0.90157	0.17969	0.10701	0.10552	0.11608	0.12975	0.16181	0.93559	0.28869	0.25101	0.08086	0.10579	0.08643	0.13062
1.035	0.12963	0.09329	0.19679	0.10401	0.08206	0.05348	0.04656	0.77181	0.73487	0.06372	0.06795	0.90186	0.18276	0.10855	0.10719	0.11795	0.13183	0.1627	0.93466	0.29	0.25218	0.08106	0.10579	0.08634	0.13084
1.04	0.13423	0.09617	0.20268	0.10775	0.086	0.05508	0.0468	0.7702	0.73465	0.06484	0.06804	0.90342	0.1863	0.11118	0.1102	0.11987	0.13465	0.16353	0.9345	0.29264	0.25409	0.08131	0.10701	0.08644	0.13159
1.045	0.14025	0.09982	0.2102	0.11202	0.08991	0.05689	0.04798	0.7704	0.73452	0.06662	0.06894	0.90267	0.19081	0.11441	0.11359	0.1233	0.13845	0.16522	0.93462	0.29702	0.25779	0.08235	0.1081	0.08694	0.13219
1.05	0.14689	0.10439	0.21776	0.11715	0.09527	0.05885	0.04941	0.77115	0.73562	0.06879	0.06927	0.90175	0.19688	0.11814	0.1179	0.12695	0.14329	0.16822	0.9342	0.30174	0.26183	0.08329	0.10978	0.08733	0.13387
1.055	0.1542	0.10892	0.22792	0.1234	0.10049	0.06116	0.05096	0.77137	0.73515	0.07192	0.07011	0.90219	0.20357	0.12205	0.1227	0.13175	0.14845	0.17195	0.93454	0.30809	0.26698	0.08518	0.11184	0.08789	0.13647
1.06	0.16279	0.11438	0.23858	0.13088	0.10697	0.06358	0.0525	0.77105	0.73516	0.07466	0.07163	0.90283	0.21092	0.12699	0.12847	0.13588	0.15492	0.17664	0.93513	0.31501	0.27364	0.08676	0.11488	0.08881	0.13974
1.065	0.17263	0.12044	0.2504	0.13806	0.11396	0.06672	0.05464	0.77116	0.7348	0.0786	0.07295	0.90372	0.21903	0.1324	0.13513	0.14152	0.1619	0.18183	0.93584	0.32352	0.28101	0.08916	0.11795	0.09008	0.14384
1.07	0.18198	0.12702	0.26235	0.1474	0.12241	0.07014	0.05667	0.77144	0.73544	0.08318	0.07498	0.9038	0.22892	0.13914	0.14306	0.14752	0.16995	0.18825	0.93529	0.33418	0.29031	0.09206	0.12225	0.09126	0.14825
1.075	0.1928	0.13435	0.27599	0.15749	0.13109	0.07414	0.0594	0.77165	0.73671	0.08796	0.07688	0.90253	0.23856	0.14581	0.15131	0.15509	0.1796	0.19497	0.93666	0.34439	0.29992	0.09524	0.12722	0.09323	0.15389
1.08	0.20522	0.14212	0.29152	0.16879	0.1414	0.07867	0.06211	0.7716	0.73574	0.09379	0.0798	0.90378	0.25002	0.15385	0.16085	0.16329	0.18933	0.2021	0.93774	0.35569	0.31112	0.09924	0.13261	0.09485	0.16004
1.085	0.21751	0.14986	0.30622	0.18044	0.15182	0.08388	0.06547	0.77184	0.73613	0.09999	0.0825	0.90421	0.26187	0.16106	0.1715	0.17135	0.20099	0.21048	0.93737	0.3679	0.32386	0.10346	0.1383	0.0969	0.16734
1.09	0.23127	0.15875	0.32232	0.19308	0.1642	0.08958	0.0688	0.77217	0.73663	0.107	0.08601	0.90414	0.27366	0.16989	0.18335	0.18115	0.21306	0.22013	0.93806	0.38083	0.33639	0.10829	0.1454	0.09943	0.17555
1.095	0.24514	0.16743	0.3392	0.20822	0.17666	0.09653	0.07342	0.77155	0.73628	0.1148	0.08954	0.90329	0.28627	0.17884	0.19611	0.19066	0.22583	0.22933	0.93972	0.39405	0.35028	0.1135	0.15263	0.10179	0.18421
1.1	0.25935	0.17634	0.35594	0.22303	0.1894	0.10367	0.07745	0.77181	0.73708	0.12254	0.09412	0.90519	0.29963	0.18754	0.20921	0.20114	0.23953	0.23928	0.9409	0.40853	0.36335	0.11906	0.16066	0.10406	0.1936
1.105	0.27366	0.18502	0.3732	0.23813	0.20313	0.1112	0.08284	0.77176	0.73617	0.13139	0.09825	0.90576	0.31284	0.1967	0.22283	0.2117	0.25417	0.24876	0.94186	0.4216	0.37776	0.12462	0.16867	0.10672	0.2038
1.11	0.28731	0.19361	0.39028	0.25463	0.21685	0.1195	0.08764	0.77178	0.73644	0.14077	0.10311	0.90508	0.32576	0.20586	0.23725	0.22209	0.26836	0.25983	0.9431	0.43459	0.39291	0.13068	0.17667	0.10915	0.2139
1.115	0.30195	0.20229	0.40692	0.27049	0.23103	0.12864	0.09299	0.77122	0.73574	0.15113	0.10909	0.90603	0.33879	0.21545	0.25192	0.23362	0.2835	0.27102	0.94437	0.44792	0.40756	0.13733	0.18558	0.11196	0.22452
1.12	0.31523	0.21085	0.4232	0.28673	0.24454	0.13747	0.09897	0.77152	0.73569	0.16167	0.115	0.90646	0.35078	0.22386	0.26681	0.24367	0.29829	0.28253	0.9451	0.46007	0.42102	0.14371	0.19396	0.1142	0.23549
1.125	0.32897	0.21811	0.43801	0.3026	0.25833	0.1464	0.1055	0.77153	0.7355	0.17243	0.12117	0.90643	0.36269	0.23207	0.28127	0.2548	0.3125	0.2925	0.94685	0.47213	0.43429	0.14939	0.20233	0.11668	0.24628
1.13	0.34094	0.22506	0.45329	0.31731	0.27065	0.15574	0.11133	0.77172	0.7356	0.1826	0.12756	0.90583	0.37449	0.24027	0.29569	0.26559	0.32736	0.30221	0.94712	0.48327	0.44767	0.15573	0.2101	0.11855	0.25706
1.135	0.35209	0.23179	0.46634	0.33202	0.2815	0.16519	0.11649	0.77181	0.73618	0.19317	0.13338	0.90621	0.38487	0.24832	0.30986	0.2756	0.3408	0.3113	0.94754	0.49371	0.4605	0.16142	0.21814	0.12121	0.26744
1.14	0.3629	0.23821	0.47894	0.34504	0.2931	0.17359	0.12213	0.77136	0.73637	0.20275	0.14063	0.90666	0.3953	0.25473	0.32271	0.28607	0.35405	0.32134	0.94837	0.50364	0.47172	0.167	0.22552	0.12327	0.27731
1.145	0.37264	0.24339	0.48995	0.35812	0.30308	0.18171	0.1267	0.77132	0.73717	0.21216	0.14627	0.90604	0.40426	0.26055	0.33497	0.29523	0.36552	0.32908	0.9493	0.51283	0.48349	0.17229	0.23254	0.12516	0.28722
1.15	0.38115	0.24749	0.50111	0.36911	0.31194	0.18912	0.13191	0.77214	0.73687	0.22009	0.15259	0.90713	0.41232	0.26671	0.34675	0.30294	0.37678	0.33668	0.95019	0.52098	0.49428	0.1773	0.23953	0.12678	0.29637
1.155	0.39005	0.25295	0.51048	0.37943	0.31985	0.19603	0.13585	0.77121	0.73648	0.2279	0.15871	0.90694	0.42044	0.27112	0.35729	0.31069	0.38763	0.34343	0.95117	0.52877	0.50363	0.18286	0.24545	0.12841	0.30433
1.16	0.39691	0.25554	0.51874	0.3885	0.32696	0.20215	0.13993	0.77246	0.73713	0.23554	0.16414	0.90732	0.42696	0.27663	0.36635	0.31839	0.39662	0.34941	0.95206	0.536	0.51205	0.18597	0.25103	0.12984	0.31244
1.165	0.40343	0.25966	0.52584	0.39683	0.33264	0.20777	0.14341	0.77146	0.73694	0.24156	0.1696	0.90664	0.43303	0.27978	0.37527	0.32466	0.40503	0.35558	0.95181	0.54192	0.52075	0.19056	0.2562	0.1316	0.32007
1.17	0.40865	0.26203	0.53236	0.40296	0.33794	0.21303	0.14637	0.77188	0.73652	0.24774	0.17439	0.90756	0.4388	0.28295	0.38332	0.33107	0.41273	0.3607	0.95288	0.54775	0.52809	0.19358	0.26073	0.13324	0.3265
1.175	0.41404	0.26443	0.53867	0.40938	0.34252	0.21674	0.14879	0.77196	0.73765	0.25305	0.17873	0.90619	0.44393	0.28718	0.38989	0.33623	0.41909	0.36427	0.95284	0.55275	0.53409	0.19716	0.26465	0.1339	0.3331
1.18	0.41788	0.26668	0.54339	0.41568	0.34667	0.22111	0.15126	0.7727	0.73681	0.25699	0.18316	0.90802	0.4485	0.28925	0.3967	0.34111	0.42469	0.36872	0.95402	0.55847	0.54009	0.20041	0.26862	0.13539	0.3386
1.185	0.42207	0.26902	0.54819	0.41956	0.34983	0.22451	0.15351	0.77256	0.73737	0.26077	0.18722	0.90726	0.45226	0.2909	0.40222	0.345	0.42984	0.37245	0.95439	0.56231	0.54561	0.20307	0.27219	0.13612	0.34387
1.19	0.42539	0.27027	0.55296	0.4236	0.35332	0.22701	0.1555	0.77247	0.73661	0.26417	0.19098	0.90729	0.45622	0.29312	0.4072	0.34921	0.43483	0.37522	0.9547	0.566	0.55023	0.20589	0.27546	0.13732	0.34909
1.195	0.4279	0.27182	0.55646	0.42699	0.3562	0.22932	0.15629	0.77233	0.73747	0.26714	0.19391	0.90761	0.45922	0.29612	0.41175	0.35371	0.43947	0.3784	0.95559	0.56949	0.55471	0.20835	0.27868	0.13811	0.35354
1.2	0.43115	0.27273	0.55933	0.43129	0.35859	0.23275	0.15787	0.77259	0.73715	0.26904	0.1973	0.9073	0.4623	0.29667	0.41625	0.35639	0.44254	0.38034	0.95514	0.57287	0.55945	0.2105	0.2813	0.13899	0.3583
1.205	0.43268	0.27454	0.56271	0.43338	0.36055	0.23449	0.15976	0.77196	0.73728	0.27126	0.1996	0.90773	0.46527	0.29785	0.41911	0.35918	0.4471	0.38263	0.95579	0.57607	0.56362	0.2128	0.28484	0.13979	0.36256
1.21	0.4357	0.27572	0.567	0.43655	0.36287	0.23616	0.16065	0.77377	0.73668	0.2733	0.20205	0.90838	0.46806	0.29984	0.42335	0.3622	0.44985	0.38465	0.95559	0.5787	0.56699	0.21451	0.28704	0.14069	0.36687
1.215	0.43757	0.27634	0.56968	0.43875	0.36522	0.23844	0.16189	0.77289	0.73727	0.27534	0.205	0.90758	0.46981	0.30128	0.42573	0.36414	0.45344	0.38683	0.95588	0.58173	0.57044	0.21666	0.28984	0.14136	0.37083
1.22	0.43963	0.27713	0.57131	0.441	0.36668	0.24015	0.16308	0.77391	0.73669	0.27757	0.20785	0.90855	0.47237	0.301	0.42958	0.36806	0.45668	0.38824	0.95454	0.5843	0.57302	0.21838	0.29205	0.14221	0.3747
1.225	0.44214	0.27862	0.57463	0.44261	0.36832	0.24135	0.16419	0.77264	0.73626	0.27908	0.2101	0.90773	0.47508	0.30328	0.43207	0.37011	0.45973	0.39008	0.95689	0.58734	0.57693	0.22072	0.29431	0.14305	0.37907
1.23	0.44392	0.28037	0.57767	0.44595	0.37059	0.24371	0.16456	0.77225	0.73645	0.28111	0.21164	0.90784	0.47673	0.30417	0.4346	0.37214	0.46211	0.39122	0.95659	0.58851	0.57925	0.22237	0.29626	0.14351	0.38232
1.235	0.44537	0.28068	0.58005	0.44778	0.37246	0.24454	0.16517	0.77265	0.73781	0.28188	0.21495	0.90865	0.47873	0.30469	0.43661	0.37502	0.4648	0.39292	0.95599	0.59061	0.582	0.22403	0.29882	0.14428	0.38665
1.24	0.44771	0.28149	0.58311	0.44983	0.37497	0.24596	0.16597	0.77312	0.73684	0.28447	0.21667	0.90798	0.48061	0.30596	0.43979	0.37765	0.4677	0.3942	0.95717	0.59325	0.5844	0.22568	0.30074	0.14481	0.39
1.245	0.44935	0.28221	0.58625	0.45146	0.37672	0.2483	0.16752	0.77305	0.73721	0.28621	0.21942	0.9075	0.48284	0.30692	0.44252	0.37913	0.47024	0.39678	0.95647	0.59516	0.58769	0.22722	0.30322	0.14576	0.39359
1.25	0.45144	0.28339	0.58907	0.45391	0.37943	0.2498	0.16838	0.77271	0.73706	0.28807	0.22204	0.90782	0.48479	0.30799	0.44512	0.3822	0.47312	0.39822	0.95752	0.59649	0.58974	0.22856	0.30557	0.14613	0.39796
1.255	0.4531	0.28403	0.5918	0.45607	0.38203	0.25181	0.16873	0.77273	0.73647	0.28991	0.22473	0.9072	0.48694	0.30869	0.44757	0.38434	0.47635	0.39917	0.95742	0.59941	0.59305	0.23008	0.30775	0.14711	0.40213
1.26	0.4554	0.28492	0.59391	0.45898	0.38427	0.25362	0.16997	0.77342	0.73701	0.29191	0.22764	0.90759	0.48884	0.3097	0.45071	0.38655	0.47927	0.40153	0.9581	0.60118	0.59595	0.23209	0.31063	0.14754	0.40643
1.265	0.45795	0.2856	0.59695	0.46183	0.38758	0.25593	0.17095	0.77291	0.7369	0.29355	0.2296	0.90788	0.49137	0.31053	0.4537	0.38884	0.48264	0.40303	0.95901	0.60306	0.59739	0.2333	0.3127	0.14839	0.41122
1.27	0.46025	0.28694	0.60013	0.46423	0.38971	0.25794	0.17239	0.77281	0.73698	0.29572	0.23307	0.90829	0.49291	0.31162	0.45663	0.39108	0.48588	0.40492	0.95875	0.60614	0.60042	0.23477	0.31539	0.14934	0.41567
1.275	0.46191	0.2879	0.60221	0.46667	0.39262	0.2602	0.17327	0.77221	0.73666	0.29792	0.23604	0.90751	0.49485	0.3124	0.4593	0.39345	0.4888	0.40584	0.95945	0.60742	0.60287	0.23699	0.3179	0.15012	0.41926
1.28	0.46422	0.28821	0.60575	0.46891	0.39571	0.26213	0.17472	0.77204	0.73683	0.29995	0.23827	0.90712	0.49719	0.31347	0.46253	0.39571	0.49226	0.40817	0.95922	0.60931	0.60553	0.23814	0.32026	0.15061	0.42393
1.285	0.4664	0.28939	0.6086	0.47274	0.39852	0.26498	0.17527	0.77219	0.73655	0.30249	0.24207	0.90757	0.49897	0.31427	0.46555	0.39805	0.49547	0.40983	0.95942	0.61091	0.60793	0.24038	0.32246	0.15184	0.42863
1.29	0.46868	0.29056	0.61269	0.47638	0.40193	0.26793	0.17695	0.77175	0.73638	0.30511	0.2457	0.90752	0.50096	0.31592	0.46849	0.40126	0.49916	0.41263	0.95943	0.61253	0.61055	0.24212	0.3253	0.15191	0.43285
1.295	0.47149	0.2915	0.61572	0.47915	0.40555	0.27018	0.17829	0.77185	0.73596	0.30848	0.2491	0.90737	0.50356	0.31634	0.47264	0.40376	0.50254	0.41327	0.95989	0.61519	0.61342	0.24323	0.32771	0.15289	0.43771
1.3	0.47434	0.29309	0.61824	0.48236	0.40919	0.27331	0.17915	0.77153	0.73699	0.30957	0.25199	0.90736	0.50532	0.31839	0.47519	0.40729	0.50649	0.41479	0.96141	0.6172	0.61616	0.24513	0.33022	0.15428	0.44259
1.305	0.47669	0.29385	0.62195	0.48569	0.4127	0.27612	0.18004	0.77227	0.73682	0.31296	0.25534	0.9076	0.50779	0.31815	0.47865	0.40878	0.51063	0.41741	0.96151	0.61932	0.61825	0.24698	0.33278	0.15462	0.44746
1.31	0.4797	0.29505	0.62584	0.48926	0.41654	0.27976	0.182	0.77152	0.73639	0.3161	0.25903	0.9073	0.50993	0.31954	0.48243	0.4114	0.5139	0.41969	0.96186	0.62194	0.62107	0.24854	0.33559	0.15567	0.45255
1.315	0.48221	0.29679	0.62943	0.49298	0.42038	0.28241	0.18319	0.77207	0.73716	0.31855	0.2626	0.90761	0.51178	0.32058	0.48586	0.41516	0.51841	0.42194	0.96224	0.6246	0.6243	0.25	0.33795	0.15666	0.45807
1.32	0.48485	0.29814	0.63246	0.4977	0.42413	0.2862	0.18453	0.77139	0.73669	0.32149	0.26615	0.90775	0.51429	0.32232	0.48963	0.41723	0.5228	0.4233	0.96274	0.62473	0.62642	0.25225	0.34065	0.15708	0.46278
1.325	0.4875	0.29895	0.63602	0.50101	0.42869	0.28931	0.18517	0.77172	0.73663	0.32477	0.26964	0.90821	0.51603	0.32318	0.49296	0.4204	0.52621	0.42481	0.96261	0.62697	0.62955	0.25357	0.34348	0.15817	0.46822
1.33	0.49079	0.30065	0.64042	0.50444	0.43316	0.29289	0.18671	0.77141	0.7365	0.32816	0.27376	0.90722	0.51871	0.32403	0.4966	0.42333	0.53009	0.42813	0.96312	0.62882	0.63207	0.25495	0.34619	0.15877	0.47345
1.335	0.49371	0.30118	0.64356	0.50878	0.43753	0.29628	0.18912	0.77201	0.73699	0.3322	0.27759	0.90812	0.5205	0.32526	0.50022	0.42648	0.53428	0.43	0.96384	0.63129	0.63504	0.25734	0.34887	0.1597	0.47874
1.34	0.49633	0.30253	0.64754	0.51231	0.44168	0.3002	0.19	0.77154	0.73677	0.33482	0.28177	0.90824	0.52279	0.3266	0.50415	0.42964	0.53898	0.43154	0.96395	0.63354	0.63733	0.25912	0.35125	0.16078	0.48374
1.345	0.49927	0.30361	0.65143	0.51681	0.44552	0.30382	0.19168	0.77175	0.73616	0.33838	0.28582	0.90782	0.52477	0.32764	0.50763	0.43252	0.54291	0.43304	0.96381	0.63518	0.63884	0.26012	0.35334	0.16089	0.48826
1.35	0.50177	0.305	0.65358	0.52094	0.44961	0.30761	0.19333	0.77089	0.73693	0.34283	0.28902	0.90776	0.52685	0.3282	0.51135	0.43534	0.5468	0.43635	0.9639	0.63656	0.64157	0.26203	0.35577	0.16217	0.4936
1.355	0.5041	0.30739	0.65885	0.52419	0.45406	0.31093	0.19482	0.77114	0.73587	0.34631	0.29332	0.90779	0.52912	0.32972	0.5152	0.43796	0.55053	0.43714	0.9629	0.63817	0.64391	0.26442	0.35806	0.16248	0.49844
1.36	0.50722	0.3089	0.66202	0.52845	0.45846	0.31482	0.1969	0.77044	0.73568	0.35104	0.29895	0.90632	0.53022	0.33038	0.51856	0.44126	0.5544	0.44131	0.96263	0.64057	0.64546	0.26561	0.35993	0.16326	0.50365
1.365	0.51166	0.30786	0.66401	0.53353	0.46422	0.31933	0.19783	0.77023	0.73647	0.35237	0.30166	0.90773	0.53331	0.33114	0.52368	0.44451	0.55925	0.44139	0.96465	0.64208	0.64844	0.26806	0.36345	0.16404	0.50933
1.37	0.51426	0.30894	0.66879	0.53752	0.46846	0.32383	0.19942	0.76993	0.73655	0.35613	0.30562	0.90865	0.53461	0.33251	0.52753	0.44826	0.56368	0.444	0.96425	0.64331	0.65099	0.26871	0.36558	0.1648	0.51449
1.375	0.5175	0.31033	0.6734	0.54305	0.4734	0.32852	0.20071	0.77033	0.73567	0.36171	0.31016	0.90731	0.53734	0.33383	0.53054	0.45094	0.56738	0.44642	0.96472	0.64613	0.65269	0.2703	0.36837	0.16524	0.51991
1.38	0.52083	0.31333	0.67582	0.54704	0.47735	0.33173	0.20226	0.77043	0.73521	0.36589	0.31429	0.90789	0.53892	0.3347	0.53377	0.45398	0.5707	0.44885	0.9633	0.648	0.65344	0.27185	0.36948	0.16569	0.52474
1.385	0.52409	0.31211	0.67818	0.55277	0.48428	0.33834	0.20387	0.77048	0.73705	0.36844	0.31759	0.90785	0.54238	0.33658	0.54143	0.45683	0.57775	0.44859	0.96664	0.64982	0.65896	0.27367	0.37411	0.16686	0.53062
1.39	0.52695	0.31424	0.684	0.55625	0.4885	0.34174	0.20553	0.77089	0.73628	0.37327	0.32235	0.90774	0.54358	0.33719	0.54387	0.46051	0.58177	0.45124	0.96677	0.65156	0.6603	0.2749	0.3762	0.16723	0.53602
1.395	0.53004	0.31667	0.68872	0.56047	0.49267	0.34589	0.2069	0.77092	0.73647	0.3792	0.32801	0.90847	0.54637	0.33779	0.54788	0.46301	0.58573	0.45557	0.96456	0.65276	0.66237	0.27599	0.37809	0.16787	0.54014
1.4	0.53266	0.31789	0.69073	0.56446	0.49644	0.34998	0.20876	0.77028	0.7362	0.382	0.33142	0.90788	0.54715	0.33953	0.55181	0.46591	0.58982	0.45623	0.96465	0.65396	0.66455	0.27834	0.38024	0.16859	0.54485
1.405	0.53568	0.31877	0.69608	0.56917	0.50222	0.35472	0.2097	0.7708	0.73582	0.38601	0.33525	0.90736	0.54983	0.34004	0.55567	0.47003	0.59434	0.45808	0.96522	0.65684	0.66666	0.27941	0.38188	0.16926	0.55052
1.41	0.5393	0.32082	0.69843	0.5737	0.50822	0.35962	0.2111	0.77075	0.7369	0.38901	0.33965	0.90816	0.55208	0.34121	0.56065	0.47303	0.60005	0.46022	0.96682	0.65866	0.6695	0.28134	0.38491	0.16978	0.55583
1.415	0.5427	0.32131	0.70159	0.57889	0.51228	0.36498	0.21239	0.77079	0.73567	0.39386	0.34312	0.90746	0.55402	0.34247	0.56503	0.47554	0.60391	0.46193	0.96633	0.65974	0.67166	0.28288	0.38733	0.17063	0.56072
1.42	0.54586	0.32225	0.70523	0.58267	0.5174	0.36975	0.21378	0.7704	0.73547	0.39743	0.34687	0.90657	0.55549	0.34268	0.56708	0.47872	0.608	0.46316	0.96683	0.66167	0.67279	0.28415	0.38892	0.17109	0.56567
1.425	0.54908	0.32396	0.70925	0.58795	0.52277	0.37465	0.2148	0.77032	0.73587	0.40194	0.35119	0.90694	0.55678	0.34406	0.57015	0.48158	0.61197	0.46571	0.96735	0.66212	0.67339	0.28518	0.39076	0.17167	0.57011
1.43	0.55257	0.3251	0.7119	0.59257	0.5279	0.38001	0.21697	0.77094	0.7351	0.40721	0.35527	0.90639	0.55757	0.34511	0.57306	0.48507	0.61584	0.46774	0.96738	0.66444	0.67612	0.28695	0.39294	0.17225	0.57507
1.435	0.556	0.32544	0.71424	0.59725	0.53276	0.38449	0.21857	0.77048	0.73529	0.41209	0.35959	0.90787	0.5602	0.34554	0.57801	0.48739	0.62051	0.46934	0.96742	0.66599	0.67734	0.28828	0.3948	0.17277	0.57981
1.44	0.5584	0.32628	0.71831	0.60222	0.53743	0.3896	0.2204	0.77152	0.73521	0.41612	0.36297	0.90841	0.5624	0.34704	0.58226	0.48998	0.62432	0.47124	0.96808	0.66771	0.67931	0.28983	0.39702	0.17342	0.58439
1.445	0.56126	0.32845	0.72182	0.60632	0.54211	0.39413	0.2214	0.77088	0.73589	0.42079	0.36782	0.90648	0.56459	0.34829	0.58622	0.49372	0.62855	0.47301	0.96765	0.66849	0.68092	0.29092	0.39831	0.17385	0.58876
1.45	0.56343	0.32909	0.72457	0.61126	0.54674	0.39887	0.22274	0.77054	0.73616	0.42571	0.37087	0.90648	0.56606	0.34881	0.58924	0.49583	0.63212	0.47404	0.96731	0.67002	0.6821	0.29206	0.40022	0.17424	0.59356
1.455	0.56699	0.32943	0.72696	0.61489	0.55127	0.40407	0.22396	0.77057	0.73534	0.42899	0.37481	0.90661	0.56692	0.34895	0.59209	0.49867	0.63613	0.47612	0.96755	0.67129	0.68439	0.29437	0.40216	0.17483	0.59714
1.46	0.57047	0.33091	0.72932	0.61982	0.55605	0.40925	0.22545	0.77062	0.73536	0.43407	0.37745	0.9063	0.56795	0.35026	0.59509	0.50156	0.64011	0.47813	0.96817	0.67228	0.6859	0.29498	0.40371	0.17517	0.60161
1.465	0.57305	0.33201	0.73252	0.62422	0.56023	0.41445	0.22695	0.7709	0.73566	0.43782	0.38205	0.90676	0.5696	0.35057	0.59884	0.50424	0.64462	0.48003	0.96811	0.67292	0.68609	0.29628	0.40573	0.17555	0.60612
1.47	0.57495	0.33329	0.73634	0.62754	0.56482	0.41894	0.22766	0.77044	0.73586	0.44258	0.38476	0.90653	0.57145	0.35202	0.60218	0.50731	0.64813	0.48185	0.96783	0.67356	0.68744	0.29745	0.40707	0.17603	0.61021
1.475	0.57856	0.33321	0.73881	0.6325	0.56937	0.42432	0.2288	0.771	0.73586	0.44668	0.38881	0.9068	0.57255	0.35276	0.60564	0.50887	0.65189	0.48252	0.96872	0.67655	0.68959	0.29871	0.40872	0.17673	0.6143
1.48	0.57997	0.3353	0.74155	0.63581	0.5729	0.42863	0.23075	0.77094	0.73563	0.45096	0.39216	0.90759	0.57462	0.3534	0.60887	0.51166	0.65554	0.48443	0.96832	0.67788	0.69151	0.30025	0.40998	0.17709	0.61824
1.485	0.5831	0.33558	0.74363	0.63963	0.57727	0.43407	0.23196	0.77033	0.73657	0.45541	0.39584	0.90641	0.57518	0.35445	0.61158	0.51481	0.65944	0.48558	0.9692	0.67843	0.69291	0.30079	0.41189	0.17734	0.62192
1.49	0.58566	0.33664	0.7449	0.64394	0.58077	0.43854	0.23259	0.77083	0.7356	0.46005	0.39823	0.90719	0.57698	0.35476	0.61508	0.51693	0.66288	0.48715	0.96948	0.67988	0.6936	0.30274	0.41273	0.1777	0.62586
1.495	0.58757	0.33751	0.74655	0.64762	0.58464	0.44338	0.23297	0.77135	0.73621	0.46344	0.4016	0.90694	0.57744	0.356	0.61814	0.51961	0.66552	0.48875	0.96906	0.68132	0.69477	0.30382	0.41455	0.17787	0.62941
1.5	0.59019	0.33778	0.74876	0.65175	0.58853	0.44748	0.23491	0.77139	0.73524	0.46873	0.40502	0.90711	0.57897	0.35649	0.62094	0.52256	0.6697	0.49017	0.96965	0.68063	0.69515	0.3054	0.41606	0.17823	0.63294
1.505	0.59165	0.33918	0.75111	0.65483	0.59083	0.45312	0.23644	0.77144	0.73654	0.47212	0.40804	0.90818	0.57973	0.35746	0.62455	0.52477	0.67299	0.49119	0.96997	0.68232	0.69787	0.30625	0.41733	0.17927	0.63612
1.51	0.59459	0.33911	0.75326	0.65817	0.59473	0.45671	0.23713	0.77118	0.73594	0.4771	0.4109	0.90744	0.58101	0.358	0.62678	0.527	0.67656	0.49342	0.9694	0.68422	0.69862	0.30684	0.4188	0.17977	0.63977
1.515	0.596	0.33984	0.75457	0.66206	0.59828	0.46195	0.23795	0.77059	0.73668	0.48033	0.41379	0.90778	0.58242	0.35842	0.62923	0.52871	0.6793	0.49431	0.96998	0.68474	0.69918	0.30849	0.41991	0.17935	0.64326
1.52	0.59803	0.34078	0.75585	0.66453	0.60102	0.46579	0.23932	0.77105	0.73523	0.48505	0.41692	0.90789	0.58364	0.35896	0.63198	0.53073	0.68248	0.49596	0.97006	0.68557	0.70017	0.30936	0.42119	0.18031	0.64614
1.525	0.60056	0.34097	0.75608	0.66823	0.60436	0.47065	0.23937	0.77139	0.7353	0.48884	0.41906	0.90812	0.58425	0.35948	0.63451	0.53235	0.68508	0.49693	0.97067	0.68577	0.70107	0.31068	0.42254	0.18038	0.64922
1.53	0.6022	0.3421	0.75664	0.67095	0.60617	0.47432	0.24078	0.77151	0.73631	0.49274	0.422	0.90817	0.5853	0.35994	0.63721	0.53497	0.68789	0.49764	0.97078	0.68704	0.70231	0.31114	0.42374	0.18079	0.65237
1.535	0.60362	0.343	0.75831	0.67378	0.60866	0.47842	0.24253	0.7717	0.73651	0.49703	0.42366	0.90875	0.58693	0.3605	0.63984	0.53756	0.6908	0.49821	0.97059	0.68757	0.70243	0.31206	0.42455	0.18167	0.65487
1.54	0.60419	0.34248	0.76055	0.67681	0.61024	0.48258	0.24258	0.77186	0.73645	0.50155	0.42669	0.90807	0.58719	0.36158	0.64165	0.53916	0.69357	0.49991	0.97101	0.68855	0.70369	0.31333	0.42597	0.18195	0.65831
1.545	0.60554	0.34319	0.7608	0.67858	0.61211	0.48659	0.24373	0.77172	0.7368	0.50439	0.42904	0.90756	0.58824	0.36173	0.6439	0.54104	0.69615	0.50048	0.97144	0.68902	0.70437	0.31461	0.42713	0.18197	0.6613
1.55	0.6077	0.34411	0.76116	0.68098	0.6136	0.48919	0.2441	0.77228	0.73698	0.50782	0.43044	0.90823	0.58955	0.36256	0.64597	0.5429	0.69807	0.49999	0.97129	0.6895	0.70555	0.31579	0.42817	0.18241	0.66361
1.555	0.60788	0.34389	0.76076	0.68318	0.61488	0.49317	0.2451	0.77156	0.73689	0.51101	0.4316	0.90776	0.58945	0.36317	0.64759	0.54411	0.70018	0.50158	0.97151	0.69012	0.70607	0.31605	0.42923	0.18268	0.66648
1.56	0.60917	0.34386	0.7615	0.68515	0.61583	0.49655	0.24532	0.77127	0.73622	0.51429	0.4355	0.90912	0.58985	0.36323	0.64874	0.54605	0.70249	0.50325	0.97176	0.68973	0.70628	0.31806	0.42974	0.18283	0.66891
1.565	0.60977	0.34447	0.76224	0.68678	0.6167	0.49916	0.24658	0.77145	0.73675	0.51781	0.43599	0.90765	0.59018	0.36392	0.65068	0.54713	0.70415	0.50334	0.97104	0.6902	0.70619	0.31781	0.43114	0.18255	0.67113
1.57	0.61072	0.34482	0.76076	0.68839	0.6171	0.50233	0.24716	0.77141	0.73635	0.5207	0.43958	0.9087	0.59136	0.36416	0.65252	0.54819	0.70637	0.50522	0.97165	0.69074	0.70748	0.31972	0.43165	0.18342	0.67326
1.575	0.61143	0.34519	0.75973	0.69042	0.61709	0.50477	0.24797	0.77197	0.73633	0.52387	0.44002	0.90928	0.59144	0.36449	0.6539	0.54964	0.70768	0.506	0.97243	0.69142	0.70781	0.32072	0.43279	0.18366	0.67538
1.58	0.61024	0.34508	0.75989	0.69178	0.61699	0.50721	0.24812	0.77168	0.73643	0.52705	0.44212	0.90953	0.59232	0.36537	0.65474	0.55134	0.71028	0.50713	0.97189	0.69125	0.70762	0.32228	0.43357	0.18372	0.67721
1.585	0.61125	0.34587	0.75976	0.69202	0.61696	0.50871	0.24864	0.77113	0.73663	0.52995	0.44305	0.90955	0.59307	0.36648	0.65596	0.55245	0.71053	0.50749	0.97173	0.69151	0.70828	0.32258	0.43435	0.18386	0.6794
1.59	0.6109	0.34605	0.75889	0.69253	0.6167	0.51093	0.24921	0.77133	0.73726	0.53236	0.4454	0.9086	0.59329	0.36637	0.6573	0.55357	0.71277	0.5081	0.97234	0.69241	0.70935	0.32328	0.43534	0.18489	0.68131
1.595	0.61116	0.34526	0.75671	0.6931	0.61539	0.51254	0.25029	0.7709	0.73675	0.53512	0.44617	0.90929	0.59348	0.36672	0.65736	0.55398	0.71379	0.50857	0.972	0.69258	0.70968	0.32444	0.43584	0.18445	0.68325
1.6	0.61143	0.34529	0.75664	0.69362	0.61467	0.51407	0.25112	0.77181	0.73685	0.53775	0.44781	0.90846	0.59372	0.36738	0.65982	0.55505	0.71552	0.50916	0.97261	0.69332	0.71046	0.32503	0.43653	0.18482	0.68431
1.605	0.61064	0.34595	0.75582	0.69462	0.61319	0.5158	0.25119	0.77154	0.73699	0.53916	0.44842	0.90907	0.59459	0.36775	0.66055	0.55642	0.71664	0.50952	0.97257	0.69264	0.70985	0.3256	0.43701	0.18503	0.68562
1.61	0.61177	0.34576	0.75441	0.69422	0.61224	0.5171	0.25115	0.77133	0.73693	0.54193	0.44958	0.90897	0.59491	0.36772	0.66122	0.55699	0.71677	0.51014	0.97385	0.69284	0.70995	0.32669	0.43746	0.18505	0.68753
1.615	0.61084	0.34575	0.75201	0.69415	0.61003	0.51825	0.25132	0.77227	0.7366	0.54329	0.45113	0.90972	0.59472	0.36813	0.66066	0.55809	0.71775	0.51046	0.97291	0.69297	0.70999	0.3273	0.43845	0.18568	0.68878
1.62	0.60941	0.34572	0.75161	0.69375	0.60727	0.5188	0.25189	0.77134	0.73713	0.54553	0.45155	0.90969	0.59514	0.36866	0.66103	0.55861	0.71856	0.51107	0.97357	0.69277	0.70992	0.32852	0.43958	0.18583	0.68999
1.625	0.60835	0.34523	0.74873	0.69273	0.60548	0.51856	0.25207	0.77135	0.73682	0.54687	0.45244	0.90816	0.59432	0.36918	0.66148	0.5592	0.71895	0.51129	0.97282	0.69243	0.70915	0.32859	0.43971	0.18596	0.69057
1.63	0.60702	0.34502	0.74594	0.69132	0.60293	0.51805	0.25204	0.77128	0.73683	0.5481	0.45294	0.90799	0.59367	0.36933	0.66062	0.55926	0.71833	0.51142	0.97243	0.69222	0.70974	0.32909	0.43961	0.1861	0.69128
1.635	0.60633	0.34561	0.745	0.6911	0.5996	0.51799	0.25196	0.77093	0.73622	0.5488	0.453	0.90818	0.59386	0.36942	0.66056	0.55951	0.71922	0.51157	0.97239	0.69229	0.70912	0.32965	0.44002	0.18586	0.69194
1.64	0.60568	0.345	0.74261	0.68964	0.59724	0.51813	0.25238	0.7715	0.73641	0.54907	0.45428	0.90802	0.59462	0.37001	0.66051	0.56028	0.71941	0.51205	0.97187	0.69196	0.70796	0.33044	0.44102	0.18619	0.69279
1.645	0.60492	0.34421	0.73971	0.68816	0.5949	0.51677	0.25258	0.77117	0.73676	0.55086	0.45354	0.90993	0.59412	0.36971	0.65993	0.56009	0.71854	0.51232	0.97299	0.6922	0.70899	0.33152	0.44102	0.18623	0.694
1.65	0.60312	0.34518	0.73773	0.68751	0.59104	0.51615	0.25278	0.77161	0.73638	0.55123	0.45477	0.90942	0.59429	0.36951	0.66076	0.55932	0.71871	0.51273	0.97293	0.69111	0.70888	0.33239	0.44162	0.18683	0.6944
1.655	0.60085	0.34395	0.73527	0.68503	0.58759	0.51535	0.25302	0.77215	0.73685	0.55151	0.45464	0.90911	0.59408	0.36929	0.65919	0.56067	0.71755	0.51289	0.97255	0.69121	0.70907	0.33215	0.44205	0.18685	0.69428
1.66	0.59935	0.34371	0.73336	0.68332	0.58413	0.51406	0.25308	0.77276	0.73624	0.55282	0.4553	0.90889	0.59418	0.3698	0.65988	0.55982	0.71773	0.51316	0.97242	0.69189	0.70854	0.3334	0.44202	0.18708	0.69509
1.665	0.59944	0.34377	0.73141	0.68106	0.58137	0.51248	0.25354	0.77209	0.7364	0.55121	0.45606	0.90873	0.59348	0.37074	0.6579	0.56079	0.71689	0.51301	0.97236	0.69071	0.70696	0.3335	0.44234	0.18781	0.69567
1.67	0.59735	0.34334	0.72756	0.67917	0.57757	0.50977	0.25289	0.77265	0.73653	0.55127	0.45637	0.90827	0.5933	0.37137	0.65772	0.55975	0.71604	0.51335	0.97349	0.69118	0.70645	0.33441	0.44282	0.18802	0.69601
1.675	0.59511	0.34335	0.72527	0.67665	0.57317	0.50727	0.25273	0.77296	0.73616	0.55261	0.45556	0.90986	0.59329	0.3714	0.65649	0.56027	0.71483	0.51341	0.97294	0.69119	0.70748	0.33454	0.44285	0.18832	0.6955
1.68	0.59358	0.34224	0.72329	0.67368	0.56954	0.50562	0.2523	0.7723	0.73658	0.5516	0.45395	0.91004	0.59267	0.3713	0.65532	0.55939	0.71406	0.51374	0.97319	0.69052	0.70696	0.33541	0.44283	0.18865	0.69591
1.685	0.59075	0.34268	0.71922	0.67107	0.56448	0.50353	0.25212	0.77284	0.73624	0.55016	0.45468	0.91006	0.59224	0.37124	0.65441	0.55965	0.7128	0.51391	0.97323	0.69004	0.7054	0.33647	0.44321	0.18801	0.69573
1.69	0.58862	0.34182	0.71685	0.66854	0.55996	0.50007	0.25208	0.77224	0.73623	0.55054	0.45463	0.91012	0.59113	0.37073	0.65262	0.55916	0.71152	0.51407	0.97305	0.68847	0.70472	0.33688	0.44338	0.18838	0.696
1.695	0.58589	0.34091	0.71343	0.66495	0.55541	0.49753	0.25243	0.77222	0.73528	0.54924	0.45472	0.90993	0.59084	0.37168	0.6511	0.55849	0.71069	0.51428	0.97292	0.68899	0.70507	0.33703	0.44349	0.1887	0.69501
1.7	0.58317	0.34056	0.71058	0.66246	0.55154	0.49525	0.25199	0.77266	0.7368	0.54841	0.45399	0.90923	0.59128	0.37157	0.65032	0.55823	0.71037	0.51449	0.97389	0.68827	0.70418	0.33704	0.44337	0.18861	0.69532
1.705	0.58212	0.33915	0.70675	0.65886	0.54679	0.49142	0.25255	0.77243	0.73685	0.54807	0.45397	0.90955	0.59069	0.37146	0.64785	0.55717	0.7076	0.51441	0.97361	0.68786	0.70375	0.33803	0.4434	0.18885	0.69411
1.71	0.57849	0.33844	0.70292	0.65515	0.54152	0.48795	0.2516	0.77311	0.73677	0.54719	0.45298	0.91005	0.58993	0.3717	0.64659	0.55658	0.70609	0.5139	0.97294	0.68812	0.70343	0.33792	0.44374	0.18894	0.69348
1.715	0.57603	0.33779	0.69961	0.65253	0.53649	0.4846	0.25194	0.77347	0.73649	0.54501	0.45277	0.90926	0.58914	0.37137	0.64488	0.55584	0.70444	0.51375	0.97309	0.68725	0.7025	0.33828	0.44381	0.18949	0.69259
1.72	0.57257	0.33721	0.69543	0.64752	0.53135	0.48089	0.25147	0.7729	0.73702	0.54347	0.45048	0.9094	0.58836	0.37133	0.64236	0.55498	0.7022	0.51322	0.97353	0.68651	0.70163	0.33877	0.44363	0.18959	0.6915
1.725	0.5699	0.33656	0.69273	0.64431	0.52679	0.47688	0.25164	0.77373	0.73737	0.54159	0.45114	0.91047	0.58808	0.37135	0.64123	0.55436	0.70048	0.51287	0.97428	0.68642	0.70129	0.33893	0.44375	0.18959	0.69107
1.73	0.56693	0.33548	0.6886	0.64037	0.52122	0.47264	0.25076	0.77314	0.737	0.53892	0.44951	0.91027	0.58665	0.37122	0.63872	0.55335	0.69787	0.51256	0.97313	0.68613	0.70061	0.33913	0.44311	0.18969	0.68968
1.735	0.56321	0.33468	0.68471	0.63584	0.51582	0.46831	0.25027	0.77185	0.73644	0.53612	0.44889	0.91024	0.58553	0.37092	0.63577	0.5517	0.6952	0.51208	0.9724	0.68498	0.6988	0.33908	0.44247	0.18979	0.68762
1.74	0.56	0.33349	0.68077	0.63171	0.51079	0.4643	0.24973	0.77227	0.73624	0.53364	0.44673	0.9097	0.58443	0.37119	0.63354	0.54994	0.69267	0.5122	0.97288	0.68368	0.69716	0.33879	0.4426	0.18977	0.68689
1.745	0.55623	0.33218	0.67676	0.62738	0.5052	0.45973	0.24933	0.77157	0.73651	0.53141	0.44606	0.90997	0.58345	0.37082	0.63065	0.54859	0.68986	0.51254	0.9725	0.6832	0.69667	0.33908	0.44215	0.18947	0.68505
1.75	0.5537	0.33093	0.67282	0.62321	0.49977	0.45556	0.24914	0.77237	0.73608	0.52918	0.44378	0.90983	0.58289	0.37006	0.62851	0.54699	0.68742	0.51096	0.97295	0.68249	0.69596	0.3395	0.44188	0.18964	0.684
1.755	0.54984	0.33024	0.66924	0.61875	0.49459	0.45131	0.24853	0.77237	0.73676	0.52668	0.4431	0.91005	0.58194	0.37051	0.62621	0.54597	0.68546	0.51111	0.97321	0.68188	0.69471	0.33911	0.44167	0.19012	0.68301
1.76	0.54652	0.32895	0.66522	0.61476	0.48932	0.44714	0.24858	0.7729	0.73633	0.52372	0.44123	0.91002	0.58107	0.36958	0.62353	0.54443	0.68191	0.51014	0.97328	0.68116	0.69354	0.33929	0.44101	0.19	0.68082
1.765	0.54267	0.32733	0.66054	0.6094	0.48336	0.44169	0.24689	0.7714	0.73646	0.52067	0.43991	0.91034	0.57915	0.36955	0.61971	0.54284	0.67848	0.50966	0.97166	0.67937	0.69103	0.33907	0.44005	0.19012	0.67788
1.77	0.53985	0.32675	0.65729	0.60522	0.47877	0.4371	0.24682	0.77167	0.73597	0.51692	0.43793	0.90974	0.57803	0.36852	0.6178	0.54124	0.67648	0.50822	0.9727	0.67869	0.68973	0.33937	0.4398	0.18991	0.67639
1.775	0.53648	0.32585	0.65325	0.60086	0.47384	0.43244	0.24609	0.77204	0.73618	0.51354	0.43663	0.90931	0.57749	0.36898	0.61526	0.53921	0.67385	0.50832	0.97289	0.67813	0.68874	0.33901	0.44005	0.1896	0.67484
1.78	0.53222	0.32402	0.64861	0.59619	0.46744	0.42769	0.24483	0.77183	0.73595	0.51014	0.43411	0.90919	0.57548	0.3682	0.61142	0.53735	0.67014	0.50781	0.97284	0.67704	0.68737	0.3384	0.43884	0.18971	0.67258
1.785	0.52906	0.32317	0.64486	0.59203	0.46188	0.42338	0.24433	0.77224	0.73607	0.50695	0.43231	0.90924	0.57481	0.36786	0.60908	0.53612	0.66762	0.50713	0.97344	0.67619	0.68596	0.33872	0.43881	0.18979	0.67106
1.79	0.52527	0.3217	0.64121	0.5873	0.45739	0.41874	0.24287	0.77293	0.73619	0.50316	0.43034	0.91035	0.57353	0.36778	0.60593	0.5339	0.66449	0.50632	0.9734	0.67559	0.6849	0.3388	0.43818	0.19003	0.66906
1.795	0.52089	0.31982	0.6367	0.58212	0.45146	0.41376	0.24298	0.77171	0.73628	0.49955	0.42799	0.90996	0.57144	0.36702	0.60222	0.53217	0.66007	0.50604	0.97244	0.67446	0.68302	0.33804	0.43723	0.19011	0.66663
1.8	0.51715	0.31919	0.63329	0.57753	0.44604	0.40865	0.24202	0.77225	0.73621	0.49589	0.42628	0.90912	0.56984	0.36714	0.59875	0.53001	0.6574	0.50497	0.9729	0.6735	0.68162	0.33776	0.43651	0.18979	0.66414
1.805	0.51285	0.31723	0.62843	0.57237	0.4407	0.40385	0.2409	0.7721	0.73582	0.49137	0.42403	0.90927	0.569	0.36585	0.59575	0.52794	0.65401	0.50369	0.97298	0.67261	0.68055	0.33791	0.43613	0.19005	0.66166
1.81	0.51016	0.31639	0.62396	0.56781	0.43626	0.39888	0.23986	0.77181	0.73546	0.48758	0.42141	0.9087	0.56713	0.36535	0.59157	0.52544	0.64958	0.50244	0.9725	0.67133	0.67845	0.33751	0.43484	0.19008	0.65907
1.815	0.50514	0.31455	0.61959	0.56274	0.4308	0.394	0.23942	0.77143	0.73552	0.48467	0.41954	0.90911	0.56559	0.36445	0.58774	0.52336	0.64616	0.5023	0.97195	0.66985	0.67625	0.33689	0.43456	0.18985	0.65688
1.82	0.50097	0.3129	0.61584	0.55719	0.42546	0.3887	0.23829	0.77109	0.73548	0.47952	0.41674	0.90834	0.56307	0.36443	0.58411	0.52111	0.64172	0.50105	0.97129	0.66918	0.675	0.33679	0.433	0.1898	0.65296
1.825	0.49864	0.31139	0.61165	0.55265	0.42023	0.38458	0.23726	0.77124	0.73605	0.47569	0.41454	0.90845	0.56236	0.36422	0.58102	0.51954	0.63867	0.50044	0.97306	0.66818	0.67353	0.33611	0.43228	0.18964	0.65049
1.83	0.49448	0.31014	0.60761	0.54781	0.41538	0.37902	0.23607	0.77142	0.73566	0.47143	0.41229	0.90893	0.56062	0.36285	0.57715	0.51691	0.63491	0.49912	0.97164	0.66659	0.67174	0.33579	0.43126	0.18968	0.6479
1.835	0.49004	0.30888	0.60426	0.54289	0.41062	0.37445	0.23568	0.77155	0.73544	0.46901	0.40955	0.90832	0.55856	0.36254	0.57266	0.51475	0.63109	0.49851	0.97147	0.66581	0.66883	0.33516	0.43	0.18941	0.64529
1.84	0.48607	0.30681	0.60019	0.53826	0.40478	0.36959	0.23391	0.77103	0.7367	0.4615	0.40667	0.90778	0.55652	0.36137	0.57139	0.51165	0.6275	0.49713	0.97259	0.66491	0.66928	0.3343	0.43011	0.18936	0.64126
1.845	0.48387	0.30562	0.59586	0.53357	0.40037	0.36501	0.23281	0.77123	0.73642	0.4603	0.4041	0.90962	0.55553	0.36138	0.56628	0.50937	0.62455	0.4962	0.97315	0.6641	0.66668	0.33384	0.42889	0.18948	0.6398
1.85	0.47967	0.30339	0.59152	0.52869	0.39533	0.36117	0.23156	0.77185	0.73673	0.45438	0.40112	0.9089	0.55397	0.36006	0.56419	0.5061	0.62102	0.49465	0.97335	0.66243	0.66586	0.33356	0.42849	0.1898	0.63685
1.855	0.47604	0.30237	0.58736	0.52326	0.39111	0.35627	0.23075	0.77118	0.73616	0.45118	0.39913	0.91005	0.55202	0.35975	0.55932	0.50455	0.61664	0.49432	0.97268	0.66045	0.66345	0.33327	0.42676	0.18964	0.63303
1.86	0.471	0.29955	0.5827	0.51758	0.38597	0.35096	0.2296	0.77055	0.7365	0.44728	0.39651	0.90804	0.54967	0.35805	0.55555	0.50138	0.61195	0.49296	0.97124	0.65937	0.66248	0.33224	0.42561	0.18982	0.62896
1.865	0.46879	0.29904	0.57913	0.51302	0.38154	0.34561	0.2284	0.77147	0.73526	0.44287	0.39382	0.90949	0.54743	0.35804	0.54944	0.49889	0.60769	0.49135	0.97179	0.65881	0.65951	0.33164	0.42343	0.18954	0.62663
1.87	0.46373	0.29746	0.57659	0.50924	0.37586	0.34137	0.22729	0.7719	0.73411	0.43846	0.39104	0.90937	0.54499	0.35691	0.54537	0.49687	0.60278	0.49008	0.97222	0.65735	0.65789	0.33145	0.42311	0.18951	0.62361
1.875	0.45977	0.29496	0.56969	0.50362	0.37146	0.33827	0.22615	0.76963	0.73873	0.43458	0.38842	0.90853	0.54531	0.35605	0.54591	0.49293	0.60134	0.48903	0.97139	0.65506	0.65556	0.33051	0.42172	0.1896	0.61961
1.88	0.45537	0.29302	0.56601	0.49947	0.36823	0.33337	0.22491	0.76966	0.73708	0.4299	0.38517	0.9089	0.54255	0.35572	0.54009	0.49051	0.59661	0.48717	0.9708	0.65394	0.65391	0.32972	0.42033	0.18902	0.61539
1.885	0.4523	0.29202	0.56242	0.49409	0.36296	0.32824	0.22369	0.77056	0.7355	0.42529	0.3827	0.90878	0.53951	0.35458	0.53472	0.48832	0.59118	0.48612	0.97102	0.6538	0.65159	0.32883	0.41927	0.18945	0.61318
1.89	0.44776	0.29032	0.55835	0.48894	0.35658	0.32336	0.2224	0.76927	0.73461	0.42147	0.37935	0.9067	0.5371	0.35392	0.53035	0.48565	0.58697	0.48509	0.96905	0.65075	0.64779	0.32752	0.41669	0.18874	0.60846
1.895	0.44356	0.28805	0.55345	0.48394	0.35336	0.31828	0.22108	0.76893	0.73444	0.41688	0.37652	0.90594	0.53438	0.35276	0.52535	0.4826	0.58266	0.48445	0.96761	0.64989	0.64567	0.32679	0.41539	0.18907	0.60479
1.9	0.44002	0.28646	0.55021	0.47878	0.34789	0.31392	0.21991	0.76883	0.73259	0.41245	0.37415	0.90408	0.53198	0.35118	0.52034	0.48004	0.57759	0.48255	0.96756	0.64765	0.64256	0.32569	0.41304	0.18881	0.60168
1.905	0.43657	0.28494	0.54592	0.47477	0.34449	0.31014	0.21845	0.76779	0.73433	0.4078	0.36927	0.90404	0.53048	0.34947	0.51828	0.47667	0.57392	0.48024	0.96737	0.64529	0.64173	0.32476	0.41323	0.18875	0.59807
1.91	0.43286	0.28355	0.54271	0.47059	0.34108	0.30649	0.21705	0.76761	0.73288	0.40317	0.36749	0.90203	0.52846	0.34857	0.51397	0.47371	0.57031	0.48028	0.96718	0.64285	0.63827	0.32341	0.41127	0.18829	0.59421
1.915	0.42963	0.28167	0.53961	0.46597	0.33627	0.30293	0.21601	0.76643	0.73277	0.3991	0.36398	0.90099	0.52596	0.3477	0.50985	0.47165	0.56631	0.47854	0.96764	0.64256	0.63771	0.32292	0.41031	0.18886	0.59115
1.92	0.42607	0.28038	0.53584	0.46099	0.33259	0.29842	0.2149	0.76793	0.73263	0.39553	0.36193	0.90033	0.52458	0.34683	0.50638	0.4682	0.56274	0.47696	0.96692	0.64014	0.63457	0.32224	0.40849	0.18847	0.58791
1.925	0.42398	0.27822	0.53191	0.45723	0.32818	0.29472	0.21356	0.76682	0.73368	0.39119	0.35885	0.90092	0.52183	0.34575	0.50254	0.46539	0.55895	0.47568	0.96815	0.6394	0.63309	0.32067	0.40768	0.1889	0.58446
1.93	0.41896	0.27592	0.52709	0.45089	0.32429	0.2902	0.21162	0.7658	0.73325	0.38646	0.35525	0.90158	0.5191	0.34432	0.49666	0.46194	0.55429	0.47404	0.96666	0.63827	0.63038	0.32056	0.40521	0.18835	0.58015
1.935	0.41585	0.27485	0.52358	0.44716	0.32058	0.28665	0.21105	0.76623	0.73287	0.38333	0.35329	0.9016	0.5175	0.34329	0.49337	0.45991	0.54959	0.47278	0.96636	0.63813	0.62913	0.31924	0.40402	0.18878	0.57645
1.94	0.41214	0.27279	0.51959	0.4426	0.31537	0.28229	0.20888	0.76597	0.73302	0.37804	0.34972	0.90177	0.51485	0.34206	0.48949	0.45613	0.54623	0.46989	0.96734	0.63484	0.62654	0.31791	0.40215	0.18831	0.57289
1.945	0.40894	0.2712	0.51639	0.43884	0.31349	0.27929	0.20778	0.767	0.733	0.37436	0.34602	0.9015	0.51332	0.34035	0.48561	0.45341	0.54269	0.46897	0.96665	0.63266	0.62459	0.31694	0.40058	0.18798	0.57071
1.95	0.40486	0.26958	0.51184	0.43413	0.30824	0.27493	0.20658	0.76602	0.73286	0.37036	0.34385	0.90182	0.50981	0.33913	0.48023	0.45068	0.53714	0.46787	0.96662	0.63068	0.62186	0.31559	0.39849	0.18748	0.56584
1.955	0.40013	0.26695	0.50801	0.42904	0.30414	0.27114	0.20468	0.76588	0.73267	0.36683	0.34014	0.90124	0.50712	0.3376	0.47595	0.44732	0.53254	0.46539	0.96465	0.62864	0.61833	0.31424	0.39629	0.18767	0.56161
1.96	0.39723	0.26509	0.50416	0.42478	0.30113	0.26744	0.2038	0.76529	0.73298	0.36253	0.33734	0.90227	0.50465	0.33592	0.47239	0.44428	0.52886	0.46378	0.96488	0.62777	0.6163	0.31289	0.39438	0.18701	0.55772
1.965	0.39448	0.26399	0.50155	0.42119	0.29753	0.26431	0.20164	0.76661	0.73283	0.35803	0.33398	0.90246	0.50311	0.33495	0.46769	0.44085	0.52533	0.46211	0.96659	0.62601	0.61391	0.31146	0.39293	0.18735	0.55506
1.97	0.39108	0.26247	0.49806	0.41618	0.29494	0.26084	0.20071	0.76562	0.73295	0.3546	0.33181	0.90195	0.49984	0.33366	0.46372	0.43852	0.52049	0.46072	0.96602	0.62495	0.61165	0.30995	0.39118	0.18717	0.55085
1.975	0.38812	0.26041	0.49529	0.41234	0.29077	0.2573	0.1986	0.76679	0.73327	0.35047	0.32834	0.90302	0.49729	0.33171	0.45949	0.43519	0.51662	0.45885	0.96692	0.62232	0.60849	0.30918	0.38941	0.18701	0.54744
1.98	0.38479	0.25888	0.49176	0.40837	0.28738	0.25402	0.19784	0.76548	0.73402	0.34698	0.32617	0.90388	0.49497	0.33107	0.45636	0.43267	0.51305	0.45775	0.96637	0.62068	0.60614	0.30771	0.38806	0.18641	0.54395
1.985	0.38094	0.25725	0.48798	0.40492	0.28434	0.25088	0.19554	0.76618	0.73325	0.34301	0.32265	0.9032	0.49251	0.32846	0.45152	0.42854	0.50904	0.45532	0.96637	0.61823	0.60298	0.30633	0.38608	0.18665	0.5401
1.99	0.37833	0.25569	0.48511	0.40078	0.28143	0.24771	0.1938	0.76736	0.73363	0.33834	0.31956	0.90368	0.49062	0.32764	0.44802	0.42604	0.50502	0.45396	0.96684	0.61685	0.60089	0.30473	0.38437	0.18626	0.53659
1.995	0.37448	0.25443	0.48114	0.39614	0.2775	0.24412	0.19338	0.76641	0.73406	0.33511	0.31608	0.90326	0.48744	0.32637	0.4434	0.42281	0.50071	0.4522	0.96581	0.61412	0.59825	0.30299	0.38244	0.18632	0.53216
2	0.37077	0.25223	0.47735	0.39222	0.27379	0.24076	0.19128	0.76584	0.73484	0.33178	0.31289	0.9042	0.48531	0.32502	0.43921	0.42041	0.49603	0.45048	0.96579	0.61346	0.5965	0.30222	0.37982	0.18636	0.52758
2.005	0.3671	0.25106	0.4748	0.38886	0.27169	0.23766	0.19018	0.76665	0.7347	0.32749	0.30973	0.9047	0.48321	0.32292	0.43607	0.41647	0.49267	0.44954	0.96671	0.6109	0.59376	0.30064	0.37827	0.18584	0.52499
2.01	0.36619	0.24957	0.47196	0.385	0.26917	0.23501	0.18851	0.7672	0.73599	0.32432	0.30737	0.90486	0.48067	0.3219	0.43199	0.41533	0.48882	0.4475	0.96655	0.60896	0.59092	0.29888	0.37663	0.1853	0.52178
2.015	0.36258	0.24774	0.469	0.38147	0.26623	0.23236	0.18696	0.76798	0.73516	0.31963	0.30404	0.90416	0.47932	0.31972	0.42863	0.41119	0.48566	0.44547	0.96755	0.60705	0.58824	0.29739	0.37503	0.18526	0.51846
2.02	0.36023	0.24654	0.46604	0.37799	0.26301	0.22946	0.18526	0.76731	0.73538	0.31607	0.30077	0.9047	0.47626	0.31858	0.42437	0.4082	0.48151	0.44341	0.96747	0.60456	0.58529	0.29627	0.37333	0.18538	0.51487
2.025	0.35688	0.24509	0.46301	0.37434	0.2602	0.22682	0.18371	0.76808	0.7354	0.31228	0.29789	0.90394	0.47363	0.31628	0.42041	0.40509	0.47779	0.44148	0.96763	0.60216	0.58219	0.29383	0.37086	0.18482	0.51081
2.03	0.35411	0.24331	0.45987	0.37035	0.25749	0.22361	0.18209	0.76716	0.73548	0.3085	0.29536	0.90443	0.4709	0.31506	0.41595	0.4018	0.47354	0.44018	0.96682	0.60096	0.57973	0.29269	0.36849	0.18401	0.50712
2.035	0.35146	0.24188	0.4564	0.36667	0.2554	0.22126	0.18082	0.76681	0.73611	0.30557	0.29248	0.90517	0.46838	0.31331	0.41302	0.39887	0.46991	0.43807	0.96645	0.59849	0.5772	0.29182	0.36665	0.18417	0.5036
2.04	0.34783	0.24039	0.45409	0.36318	0.2527	0.21817	0.17942	0.76775	0.73631	0.30182	0.29002	0.90528	0.46546	0.3124	0.40884	0.39603	0.46564	0.43612	0.96703	0.59578	0.57449	0.28966	0.36411	0.18403	0.50004
2.045	0.3455	0.23851	0.45038	0.35998	0.24978	0.21546	0.17792	0.76739	0.73554	0.29804	0.2867	0.90568	0.46251	0.31021	0.404	0.39292	0.4618	0.43446	0.96593	0.59403	0.57203	0.28789	0.36196	0.18374	0.49603
2.05	0.343	0.23695	0.44715	0.35618	0.24726	0.21289	0.17658	0.76709	0.73603	0.29547	0.28372	0.90503	0.46018	0.30806	0.40033	0.38943	0.45796	0.43167	0.96586	0.59047	0.56819	0.28612	0.36028	0.18296	0.49261
2.055	0.34042	0.23555	0.44501	0.35319	0.24558	0.21105	0.1751	0.76826	0.73651	0.29138	0.28145	0.90539	0.45799	0.3066	0.39754	0.38709	0.45468	0.43002	0.96711	0.58917	0.56589	0.28475	0.35857	0.18336	0.48968
2.06	0.33785	0.23416	0.44284	0.34928	0.24286	0.20855	0.17349	0.76772	0.73616	0.28905	0.27835	0.90547	0.45528	0.30483	0.39284	0.38502	0.4508	0.42843	0.9664	0.58622	0.56272	0.28351	0.3557	0.18264	0.48558
2.065	0.33462	0.23325	0.43976	0.34612	0.2404	0.20617	0.17178	0.76749	0.73638	0.28595	0.27593	0.90583	0.45275	0.30315	0.38954	0.38118	0.44679	0.42661	0.96533	0.58437	0.55997	0.28165	0.35405	0.18227	0.48165
2.07	0.33299	0.23196	0.43722	0.34249	0.23839	0.20385	0.17017	0.76765	0.73608	0.28294	0.27319	0.90545	0.45061	0.30142	0.38612	0.37847	0.44319	0.42501	0.96615	0.58198	0.55766	0.27974	0.3517	0.18237	0.4787
2.075	0.33027	0.23072	0.43494	0.34028	0.23664	0.20154	0.16905	0.76837	0.73674	0.27979	0.27039	0.90396	0.44806	0.29932	0.38269	0.37574	0.43992	0.42287	0.96634	0.57978	0.55406	0.278	0.35026	0.18223	0.47554
2.08	0.32718	0.2292	0.43229	0.33729	0.23367	0.19913	0.16798	0.76773	0.73646	0.27765	0.26851	0.90347	0.44559	0.29823	0.37901	0.37296	0.43642	0.42148	0.96619	0.57821	0.55163	0.27662	0.34779	0.18152	0.47203
2.085	0.32492	0.22735	0.42906	0.33393	0.23213	0.19701	0.16625	0.76782	0.73678	0.27486	0.26643	0.90564	0.44288	0.29619	0.37565	0.36986	0.43254	0.41995	0.96585	0.57525	0.54903	0.27551	0.3462	0.18129	0.46878
2.09	0.32313	0.22691	0.42677	0.33082	0.23083	0.19546	0.16528	0.76771	0.73629	0.27208	0.26314	0.90468	0.44028	0.29467	0.3718	0.36664	0.42949	0.41811	0.9654	0.573	0.5463	0.27389	0.34365	0.18057	0.46572
2.095	0.32077	0.22539	0.42392	0.32857	0.2286	0.19366	0.1641	0.7679	0.73693	0.26858	0.26162	0.90369	0.4385	0.29277	0.36853	0.36418	0.42592	0.41623	0.96564	0.57086	0.54361	0.27242	0.34175	0.18076	0.46204
2.1	0.31925	0.22413	0.42175	0.3256	0.22642	0.19163	0.16308	0.76785	0.73722	0.26652	0.25868	0.90439	0.43548	0.29146	0.36479	0.36172	0.42259	0.41503	0.96559	0.56866	0.5409	0.27107	0.33971	0.18026	0.45843
2.105	0.31729	0.22256	0.41972	0.3235	0.2255	0.19003	0.16146	0.7682	0.73794	0.26412	0.25698	0.90538	0.43355	0.29023	0.36169	0.3595	0.41989	0.41264	0.96661	0.56677	0.53837	0.26897	0.33854	0.18006	0.45594
2.11	0.31477	0.22181	0.41748	0.32016	0.22324	0.18756	0.15983	0.76842	0.73739	0.2616	0.25481	0.90426	0.43056	0.28773	0.35894	0.35688	0.41641	0.411	0.96654	0.56486	0.53588	0.26732	0.33646	0.18003	0.45329
2.115	0.31249	0.22043	0.41565	0.31716	0.22142	0.18599	0.15932	0.76842	0.738	0.25939	0.25229	0.90547	0.42819	0.28606	0.35519	0.35397	0.4132	0.40969	0.96569	0.56285	0.53303	0.26608	0.33404	0.17985	0.44958
2.12	0.31045	0.21944	0.41345	0.31436	0.21992	0.18438	0.15835	0.76867	0.73831	0.25638	0.25063	0.90599	0.4261	0.285	0.3522	0.35118	0.41029	0.40838	0.96499	0.56054	0.53117	0.26466	0.33233	0.17951	0.44696
2.125	0.30917	0.21832	0.41156	0.31265	0.21856	0.18302	0.15694	0.76952	0.73863	0.25313	0.24814	0.90578	0.42386	0.28369	0.34907	0.34944	0.40755	0.40694	0.96585	0.55842	0.52796	0.263	0.33042	0.17933	0.44408
2.13	0.30648	0.21744	0.40895	0.30951	0.21714	0.18121	0.15543	0.76864	0.73825	0.25113	0.24628	0.90508	0.42129	0.28207	0.34595	0.34727	0.40454	0.40498	0.96517	0.55593	0.52578	0.26138	0.32771	0.17913	0.44108
2.135	0.30503	0.2173	0.40728	0.30804	0.21621	0.17929	0.15494	0.76916	0.73803	0.24949	0.24437	0.9079	0.41937	0.27983	0.34289	0.34496	0.40129	0.40364	0.96531	0.55341	0.52266	0.26033	0.32662	0.17847	0.43831
2.14	0.30273	0.21566	0.40463	0.30471	0.2137	0.17732	0.15364	0.76833	0.73808	0.24691	0.24199	0.90628	0.41663	0.27855	0.33938	0.34251	0.39829	0.40147	0.96448	0.55098	0.51956	0.25845	0.32393	0.17817	0.43465
2.145	0.30139	0.21462	0.40373	0.30243	0.21297	0.17591	0.15242	0.76934	0.7377	0.24438	0.2403	0.90484	0.41472	0.27742	0.33627	0.34026	0.39564	0.40065	0.96542	0.54887	0.51644	0.257	0.32256	0.17798	0.43193
2.15	0.29975	0.21341	0.4016	0.3002	0.21185	0.17435	0.15074	0.76854	0.73825	0.24223	0.23856	0.90372	0.41261	0.27543	0.33348	0.33779	0.39288	0.39801	0.96531	0.54665	0.51389	0.25535	0.32072	0.17813	0.42955
2.155	0.29869	0.21292	0.4	0.29748	0.21059	0.17346	0.15031	0.76931	0.73748	0.24025	0.2368	0.90511	0.40945	0.27389	0.3307	0.33559	0.38978	0.39667	0.96481	0.54543	0.51225	0.25439	0.31841	0.17744	0.42652
2.16	0.29718	0.21178	0.39803	0.29634	0.20968	0.17182	0.14927	0.76926	0.73698	0.23818	0.23443	0.90505	0.40841	0.27259	0.32831	0.33323	0.38747	0.3954	0.96426	0.54303	0.50994	0.25333	0.31713	0.17686	0.42378
2.165	0.29505	0.21107	0.39642	0.29294	0.20789	0.17076	0.14781	0.76837	0.73622	0.23654	0.23284	0.9049	0.40515	0.27033	0.32529	0.33135	0.38398	0.39365	0.96359	0.53983	0.50632	0.25167	0.31513	0.17671	0.42122
2.17	0.2947	0.21058	0.39493	0.29151	0.2073	0.16973	0.14709	0.76975	0.73681	0.23503	0.23159	0.90443	0.40461	0.26913	0.32294	0.32832	0.38204	0.3921	0.96472	0.53884	0.50471	0.25021	0.31372	0.17657	0.41968
2.175	0.29335	0.20974	0.39246	0.2896	0.20621	0.16834	0.14631	0.76885	0.73708	0.23308	0.22948	0.90475	0.4017	0.2678	0.32039	0.32681	0.37909	0.39114	0.96366	0.53614	0.50224	0.24856	0.31208	0.17609	0.417
2.18	0.29152	0.20841	0.39054	0.28805	0.20511	0.16703	0.14581	0.76852	0.73696	0.23213	0.22892	0.90525	0.3992	0.26629	0.31749	0.3245	0.3763	0.38969	0.96347	0.53407	0.49974	0.24751	0.3102	0.17602	0.41439
2.185	0.29008	0.20756	0.39016	0.2858	0.20444	0.16574	0.14492	0.76748	0.73688	0.2308	0.22757	0.90531	0.39761	0.26552	0.31546	0.32277	0.37456	0.38944	0.96286	0.53265	0.49754	0.24594	0.30876	0.1759	0.41185
2.19	0.28939	0.20754	0.38877	0.28471	0.20401	0.16514	0.14348	0.7686	0.73731	0.22878	0.22691	0.90514	0.39594	0.2643	0.31358	0.32152	0.37266	0.38758	0.96423	0.53136	0.49559	0.2452	0.30716	0.17573	0.40976
2.195	0.28862	0.20645	0.38714	0.283	0.20347	0.16418	0.14305	0.76901	0.73687	0.22791	0.22535	0.90458	0.3942	0.26281	0.31149	0.31995	0.3699	0.38639	0.96343	0.52895	0.49301	0.24405	0.30581	0.17512	0.40822
2.2	0.28719	0.20576	0.3852	0.28048	0.20235	0.16328	0.14301	0.7675	0.73668	0.22648	0.22389	0.90485	0.39172	0.26158	0.30831	0.31764	0.36805	0.3859	0.9633	0.52629	0.49088	0.24315	0.30407	0.17474	0.4054
2.205	0.2869	0.20563	0.38476	0.27903	0.20201	0.16225	0.14181	0.76899	0.73671	0.22512	0.22257	0.90471	0.39017	0.25986	0.30693	0.31598	0.36657	0.38455	0.96303	0.52596	0.48924	0.24207	0.30299	0.1748	0.40426
2.21	0.28552	0.20468	0.38356	0.27727	0.20167	0.16129	0.14113	0.76855	0.73691	0.22323	0.2217	0.90462	0.38828	0.25953	0.30474	0.31471	0.3642	0.38306	0.96271	0.52338	0.48643	0.24141	0.30201	0.17483	0.4017
2.215	0.28459	0.20411	0.38219	0.27637	0.20055	0.16069	0.1409	0.76784	0.7371	0.22113	0.21962	0.90427	0.3876	0.2581	0.30287	0.31289	0.36239	0.38162	0.96316	0.52219	0.48537	0.23971	0.30099	0.17447	0.40043
2.22	0.2836	0.20392	0.38133	0.27534	0.20024	0.16007	0.13948	0.76841	0.73701	0.22068	0.21885	0.90477	0.38582	0.2569	0.30108	0.31184	0.36081	0.38071	0.96282	0.52023	0.4832	0.23882	0.29952	0.17456	0.39845
2.225	0.28241	0.2032	0.38008	0.27374	0.20015	0.15903	0.13957	0.76719	0.73757	0.21947	0.21839	0.90452	0.38435	0.256	0.29941	0.30969	0.35872	0.38101	0.96286	0.51859	0.48171	0.23764	0.29818	0.17433	0.39703
2.23	0.28165	0.20289	0.37837	0.27245	0.1991	0.15872	0.13872	0.76738	0.73709	0.2189	0.21755	0.90423	0.38329	0.25503	0.29787	0.30915	0.35707	0.37981	0.96128	0.51752	0.47994	0.23761	0.29675	0.17456	0.3953
2.235	0.28095	0.20262	0.37776	0.27089	0.19888	0.15798	0.13845	0.76653	0.73739	0.21829	0.21626	0.9048	0.38111	0.2535	0.29547	0.30801	0.35574	0.3783	0.96096	0.51636	0.47889	0.23655	0.2958	0.1738	0.3934
2.24	0.28039	0.20188	0.37724	0.27014	0.19899	0.15748	0.13792	0.76796	0.73767	0.21707	0.2167	0.90422	0.37959	0.25297	0.29397	0.30617	0.35443	0.37868	0.9615	0.51492	0.4775	0.23536	0.29551	0.17456	0.39275
2.245	0.27967	0.20186	0.3767	0.26894	0.19912	0.15712	0.13685	0.76788	0.73782	0.21615	0.21548	0.90436	0.37903	0.25272	0.29296	0.30527	0.3535	0.37725	0.96119	0.51349	0.47644	0.23467	0.29386	0.17411	0.39126
2.25	0.27887	0.20136	0.37509	0.26825	0.19811	0.15664	0.13724	0.76698	0.73818	0.21617	0.21485	0.90465	0.37725	0.2517	0.29135	0.30471	0.35171	0.37655	0.96105	0.51268	0.47442	0.23451	0.29283	0.17377	0.38987
2.255	0.27817	0.20134	0.37468	0.2668	0.19791	0.15605	0.13707	0.76689	0.73758	0.21496	0.21441	0.90403	0.37647	0.2507	0.28991	0.30323	0.35008	0.37774	0.96028	0.51099	0.47357	0.23387	0.29257	0.17384	0.3884
2.26	0.27755	0.20149	0.37461	0.26635	0.19766	0.15569	0.13704	0.76705	0.73763	0.21476	0.21437	0.90409	0.37522	0.2503	0.28871	0.30301	0.34908	0.37764	0.9613	0.51006	0.47186	0.23343	0.29203	0.17396	0.38735
2.265	0.27669	0.20121	0.37355	0.26588	0.19836	0.15528	0.13681	0.7669	0.73799	0.21405	0.21304	0.90457	0.37413	0.24987	0.28724	0.30183	0.3484	0.37615	0.95974	0.50914	0.47051	0.23317	0.29095	0.17405	0.38669
2.27	0.27697	0.20072	0.37345	0.26521	0.1981	0.15525	0.13669	0.76724	0.7385	0.21354	0.21316	0.90548	0.37292	0.24956	0.28683	0.30117	0.34708	0.3773	0.96074	0.50816	0.46929	0.23213	0.29059	0.17431	0.38548
2.275	0.27625	0.20039	0.37333	0.2651	0.19809	0.15566	0.13648	0.76808	0.73854	0.21339	0.21222	0.90473	0.37238	0.24884	0.2856	0.30028	0.34673	0.3761	0.9606	0.50714	0.46824	0.23142	0.28989	0.17396	0.385
2.28	0.27739	0.20074	0.37349	0.26392	0.19828	0.15536	0.13638	0.76825	0.73843	0.21284	0.21361	0.90447	0.37182	0.24807	0.28429	0.30002	0.34611	0.37619	0.96027	0.50566	0.468	0.23121	0.28986	0.17377	0.38376
2.285	0.27516	0.20082	0.37333	0.26375	0.1988	0.15571	0.13633	0.76744	0.7389	0.21329	0.21197	0.90456	0.3711	0.2478	0.28384	0.29965	0.34534	0.37552	0.96035	0.50568	0.46748	0.23104	0.28942	0.17396	0.38385
2.29	0.27679	0.20088	0.37356	0.26263	0.19938	0.15499	0.13652	0.76709	0.7384	0.21305	0.21288	0.90489	0.37025	0.24695	0.28313	0.29897	0.34502	0.37518	0.95982	0.50539	0.46621	0.23034	0.28822	0.17447	0.38281
2.295	0.2758	0.20096	0.37282	0.2624	0.19888	0.15535	0.13652	0.768	0.73948	0.21252	0.21241	0.90495	0.36937	0.24714	0.28254	0.29913	0.34405	0.37624	0.96021	0.50461	0.46546	0.23066	0.28812	0.17428	0.38331
2.3	0.27622	0.2013	0.37309	0.26231	0.19929	0.15543	0.13668	0.76773	0.73911	0.21347	0.21276	0.90534	0.36901	0.24623	0.28099	0.29847	0.34386	0.37664	0.95891	0.50426	0.46455	0.23061	0.28767	0.1745	0.38244
2.305	0.2759	0.20109	0.37303	0.26241	0.20071	0.15523	0.13661	0.76778	0.74012	0.21331	0.2134	0.90469	0.36814	0.24609	0.27971	0.29797	0.34316	0.37672	0.95914	0.50306	0.46428	0.23048	0.28778	0.17482	0.38247
2.31	0.27605	0.20132	0.37313	0.26256	0.20061	0.15557	0.13665	0.768	0.73968	0.21272	0.21395	0.90433	0.36764	0.24597	0.28011	0.29786	0.34306	0.37649	0.95991	0.50307	0.46417	0.23047	0.2871	0.17491	0.38206
2.315	0.27531	0.20191	0.37242	0.2628	0.20071	0.15561	0.1366	0.76789	0.73983	0.21375	0.21298	0.90489	0.36722	0.24602	0.27937	0.29792	0.34232	0.37676	0.95987	0.50243	0.46278	0.2301	0.28692	0.17512	0.38231
2.32	0.27595	0.20194	0.3731	0.26247	0.20079	0.15602	0.1371	0.76605	0.73979	0.21475	0.21362	0.90403	0.3671	0.24596	0.27949	0.29692	0.34251	0.37657	0.95915	0.50226	0.46217	0.23013	0.28718	0.17511	0.38161
2.325	0.27655	0.20207	0.37343	0.26258	0.20177	0.15668	0.13756	0.76721	0.74075	0.21447	0.21449	0.90547	0.36725	0.24542	0.27885	0.29788	0.34266	0.37745	0.95875	0.50229	0.46209	0.22999	0.28707	0.17538	0.38237
2.33	0.27671	0.20296	0.37378	0.26305	0.2026	0.15741	0.13796	0.76679	0.74019	0.21525	0.21508	0.90556	0.36711	0.24568	0.27896	0.29767	0.34283	0.37749	0.95989	0.50242	0.46235	0.23094	0.28763	0.17581	0.38258
2.335	0.27668	0.20333	0.37428	0.26299	0.20283	0.15738	0.13832	0.76669	0.74029	0.2153	0.21539	0.90593	0.36753	0.24581	0.2792	0.29798	0.34325	0.37819	0.95888	0.50243	0.46154	0.23113	0.28769	0.17627	0.38271
2.34	0.27778	0.20447	0.37513	0.26464	0.20459	0.15844	0.13856	0.76759	0.74177	0.21601	0.21578	0.90538	0.36739	0.24633	0.27961	0.29881	0.34414	0.37849	0.95956	0.50227	0.46194	0.23094	0.28859	0.17597	0.38405
2.345	0.27804	0.20496	0.37545	0.264	0.20514	0.1587	0.13872	0.76801	0.74086	0.21734	0.21709	0.90507	0.367	0.24609	0.27934	0.29856	0.3437	0.37893	0.95957	0.5022	0.4626	0.23134	0.2881	0.17636	0.38438
2.35	0.27808	0.20519	0.37664	0.26502	0.20539	0.15868	0.13899	0.76734	0.74039	0.21698	0.217	0.90521	0.36709	0.24674	0.27938	0.29921	0.34505	0.37922	0.95971	0.502	0.46173	0.23207	0.28904	0.17639	0.38458
2.355	0.27853	0.20536	0.37659	0.26448	0.20617	0.15965	0.1393	0.76647	0.73973	0.21904	0.21831	0.90348	0.36668	0.24694	0.27965	0.29984	0.34523	0.37961	0.95796	0.50144	0.46195	0.23173	0.2889	0.17646	0.38534
2.36	0.27921	0.20658	0.37788	0.26599	0.20751	0.16053	0.13977	0.76783	0.73991	0.21947	0.21928	0.90377	0.36771	0.2468	0.28003	0.29994	0.34572	0.38054	0.95805	0.50196	0.46246	0.23235	0.29016	0.17678	0.38603
2.365	0.28034	0.20646	0.37848	0.26601	0.20881	0.16098	0.14038	0.76642	0.74083	0.22073	0.21956	0.90224	0.36835	0.24775	0.28043	0.30095	0.34585	0.3817	0.95764	0.50214	0.46339	0.23272	0.29053	0.17714	0.38688
2.37	0.28107	0.20785	0.38021	0.26704	0.2096	0.16172	0.14132	0.76691	0.73982	0.22208	0.22147	0.90151	0.36894	0.24798	0.28039	0.30074	0.3471	0.38243	0.9584	0.50232	0.4632	0.23332	0.29129	0.17733	0.3886
2.375	0.28238	0.20844	0.38135	0.26781	0.21125	0.16288	0.14166	0.76636	0.73904	0.22392	0.22218	0.90275	0.36895	0.24914	0.2822	0.30253	0.34917	0.38386	0.95836	0.50345	0.46377	0.23404	0.29224	0.17766	0.38981
2.38	0.28193	0.20939	0.38188	0.26904	0.21157	0.16334	0.1426	0.76543	0.73956	0.22474	0.22403	0.90374	0.3696	0.24944	0.28262	0.30294	0.34951	0.38527	0.95718	0.50489	0.46476	0.23498	0.29374	0.17835	0.39052
2.385	0.2845	0.21065	0.38318	0.2707	0.21407	0.165	0.14393	0.767	0.73886	0.2267	0.22545	0.90326	0.3716	0.25048	0.28369	0.30386	0.35186	0.38607	0.95922	0.50496	0.46607	0.23602	0.29481	0.17851	0.39264
2.39	0.28476	0.21164	0.3848	0.27143	0.21484	0.16605	0.14467	0.76605	0.73991	0.22857	0.22725	0.90221	0.37207	0.25162	0.28526	0.30591	0.35274	0.38799	0.95815	0.50639	0.46662	0.23661	0.29586	0.17904	0.39445
2.395	0.28771	0.21271	0.3864	0.2729	0.21705	0.16715	0.14577	0.76709	0.73937	0.22907	0.22839	0.9033	0.3738	0.25267	0.28639	0.30694	0.35454	0.38823	0.95886	0.50758	0.4682	0.23896	0.29699	0.18011	0.39693
2.4	0.28859	0.2132	0.38827	0.2741	0.21851	0.16836	0.14658	0.76604	0.73921	0.2312	0.23038	0.90178	0.37556	0.25391	0.28743	0.30816	0.35633	0.39071	0.95894	0.50905	0.46963	0.2392	0.29831	0.17992	0.39868
2.405	0.28938	0.2146	0.38966	0.27549	0.21986	0.16929	0.14766	0.76585	0.73919	0.23303	0.23204	0.90117	0.37576	0.25485	0.28795	0.30937	0.35765	0.39251	0.95787	0.51098	0.47019	0.24074	0.30023	0.1808	0.40024
2.41	0.29208	0.21602	0.39249	0.27707	0.22212	0.17094	0.14838	0.76561	0.73935	0.23533	0.23345	0.90146	0.37744	0.25527	0.2905	0.31057	0.35995	0.39307	0.95912	0.51198	0.47211	0.24227	0.30156	0.18131	0.40293
2.415	0.29149	0.21749	0.39347	0.27848	0.22289	0.17251	0.14936	0.76521	0.73925	0.23713	0.23484	0.90222	0.37825	0.25691	0.29198	0.31243	0.3615	0.39409	0.95876	0.51368	0.47365	0.24285	0.30316	0.18186	0.40491
2.42	0.29355	0.21919	0.3968	0.28059	0.22511	0.1739	0.15094	0.76564	0.74035	0.23831	0.23804	0.90228	0.38038	0.25818	0.29333	0.31421	0.36423	0.39624	0.96008	0.5148	0.47567	0.24438	0.30613	0.18303	0.40794
2.425	0.29633	0.21955	0.39698	0.28188	0.22692	0.17517	0.15161	0.76567	0.74064	0.24095	0.24066	0.90115	0.3823	0.26023	0.29532	0.31611	0.36598	0.39781	0.9586	0.51672	0.47751	0.24601	0.30756	0.18303	0.40966
2.43	0.29839	0.22202	0.39988	0.28393	0.22906	0.17652	0.15389	0.76547	0.7398	0.24327	0.24244	0.90064	0.38458	0.26111	0.29672	0.31808	0.36932	0.39952	0.95934	0.51889	0.47882	0.24753	0.30894	0.18387	0.41298
2.435	0.29942	0.22324	0.4019	0.28625	0.23124	0.17799	0.15431	0.76568	0.73914	0.24583	0.2456	0.9008	0.38594	0.26218	0.29837	0.31956	0.37045	0.40179	0.95827	0.51999	0.48029	0.2486	0.31093	0.18471	0.41518
2.44	0.30197	0.22407	0.40404	0.28846	0.23296	0.18048	0.15597	0.76455	0.73922	0.24769	0.24704	0.90004	0.38775	0.26377	0.30016	0.32254	0.37265	0.40309	0.95897	0.52211	0.48307	0.25137	0.31314	0.18476	0.41713
2.445	0.3039	0.22626	0.40633	0.29021	0.23486	0.18178	0.15697	0.76486	0.73933	0.25007	0.24967	0.90024	0.38983	0.26587	0.30235	0.3244	0.37538	0.40493	0.95912	0.52449	0.48509	0.25256	0.31443	0.18579	0.42065
2.45	0.30632	0.22845	0.40789	0.29275	0.23669	0.18299	0.15865	0.765	0.73988	0.25201	0.25282	0.89883	0.39186	0.26799	0.30527	0.32606	0.377	0.40824	0.95763	0.52658	0.48679	0.25455	0.31677	0.18589	0.42433
2.455	0.30759	0.22973	0.41138	0.29374	0.2389	0.18497	0.15929	0.76354	0.73799	0.25424	0.25462	0.89883	0.39364	0.26905	0.30731	0.32833	0.38005	0.40816	0.95677	0.52919	0.48853	0.25633	0.31872	0.18725	0.42638
2.46	0.3102	0.23145	0.41325	0.29566	0.24125	0.18636	0.16088	0.76243	0.73764	0.25656	0.2573	0.89769	0.39575	0.27121	0.30936	0.33117	0.38178	0.41026	0.95659	0.53154	0.49139	0.25716	0.32138	0.18774	0.42977
2.465	0.31258	0.23313	0.41704	0.29912	0.24365	0.18846	0.16153	0.76319	0.73753	0.26039	0.25848	0.8972	0.39768	0.27346	0.31132	0.33281	0.38518	0.41067	0.9563	0.53454	0.49427	0.26061	0.32334	0.18848	0.43357
2.47	0.31433	0.23474	0.41904	0.30152	0.24651	0.18989	0.1636	0.76346	0.7362	0.26306	0.26182	0.89706	0.39989	0.27454	0.31325	0.33573	0.38804	0.41375	0.95566	0.53599	0.49626	0.26226	0.32543	0.18949	0.43568
2.475	0.3172	0.23722	0.4222	0.30328	0.24873	0.19218	0.16426	0.76281	0.73659	0.26467	0.26434	0.89598	0.40441	0.27692	0.31719	0.33743	0.39201	0.41459	0.95709	0.53888	0.49947	0.26436	0.32851	0.19	0.44049
2.48	0.32093	0.23929	0.42616	0.30667	0.25222	0.19452	0.16558	0.76513	0.73688	0.26706	0.26755	0.89612	0.40696	0.27937	0.3196	0.34049	0.39426	0.41811	0.95811	0.542	0.50058	0.26629	0.33172	0.1904	0.44559
2.485	0.32253	0.24055	0.42857	0.30909	0.25364	0.19587	0.16689	0.76275	0.73667	0.26989	0.26987	0.89637	0.40882	0.28141	0.32177	0.34335	0.39646	0.42042	0.9531	0.54413	0.50492	0.26941	0.33321	0.19137	0.44693
2.49	0.32485	0.24274	0.4301	0.31093	0.2565	0.1982	0.16942	0.76143	0.73672	0.27371	0.27237	0.89512	0.41134	0.28312	0.32453	0.34639	0.39942	0.42322	0.95317	0.54806	0.5077	0.2707	0.33618	0.19174	0.45082
2.495	0.32767	0.24406	0.43368	0.31537	0.25948	0.20063	0.17015	0.76302	0.73597	0.27647	0.27484	0.89513	0.41434	0.28488	0.32742	0.34971	0.40274	0.42314	0.9538	0.55052	0.51007	0.27333	0.33862	0.19271	0.4544
2.5	0.32935	0.24522	0.43488	0.31604	0.26076	0.20219	0.17135	0.75886	0.73646	0.27952	0.27752	0.89568	0.41508	0.28772	0.32883	0.35215	0.40454	0.4265	0.95073	0.55486	0.51396	0.27594	0.34088	0.19344	0.45695
2.505	0.33138	0.24798	0.43836	0.3193	0.26356	0.20419	0.17241	0.75893	0.73595	0.28047	0.28203	0.89375	0.41913	0.28981	0.33292	0.35486	0.40735	0.42797	0.95065	0.55716	0.51705	0.27776	0.34274	0.19394	0.45998
2.51	0.33513	0.25148	0.44163	0.32194	0.2671	0.20758	0.17434	0.75967	0.73629	0.28384	0.28495	0.89324	0.42207	0.29224	0.33578	0.35798	0.41109	0.43025	0.95153	0.561	0.52109	0.28058	0.34666	0.19463	0.46458
2.515	0.33623	0.25224	0.44526	0.32466	0.26857	0.2085	0.1751	0.75927	0.73488	0.28682	0.28782	0.89396	0.42542	0.29452	0.33738	0.3603	0.414	0.43195	0.94924	0.56271	0.52292	0.28354	0.34838	0.19541	0.46761
2.52	0.34134	0.25477	0.44903	0.32796	0.27249	0.21191	0.17618	0.75818	0.73624	0.28879	0.29024	0.89494	0.4293	0.29701	0.34256	0.36352	0.41881	0.43426	0.95215	0.56673	0.52815	0.2846	0.35331	0.19642	0.47326
2.525	0.34377	0.25749	0.45235	0.33219	0.27583	0.21369	0.17762	0.76047	0.73554	0.29329	0.29255	0.89418	0.43139	0.29902	0.34502	0.36681	0.42133	0.43512	0.95223	0.5707	0.53102	0.28824	0.35555	0.19707	0.47695
2.53	0.34667	0.25995	0.45638	0.33492	0.27889	0.21659	0.18089	0.76024	0.73747	0.29646	0.29644	0.89535	0.43441	0.3025	0.34881	0.37009	0.42421	0.43744	0.95186	0.57443	0.53411	0.29162	0.3581	0.19757	0.4802
2.535	0.35051	0.26263	0.45886	0.33905	0.28209	0.22015	0.18171	0.76063	0.7366	0.29945	0.29902	0.89283	0.44038	0.30337	0.3543	0.37093	0.43044	0.43886	0.95433	0.57643	0.53695	0.29196	0.3625	0.1987	0.4844
2.54	0.35404	0.26549	0.4638	0.34216	0.28548	0.22313	0.18329	0.76103	0.73593	0.30239	0.30181	0.89382	0.44249	0.3074	0.35552	0.37693	0.4324	0.44032	0.95522	0.58025	0.53954	0.29465	0.3641	0.19881	0.48854
2.545	0.35839	0.26784	0.46883	0.3463	0.28839	0.22474	0.18435	0.76245	0.73674	0.30463	0.3045	0.89579	0.44682	0.30962	0.35941	0.37818	0.43604	0.44207	0.9534	0.58295	0.54358	0.29849	0.36743	0.2	0.49234
2.55	0.36094	0.27026	0.471	0.35012	0.2931	0.22901	0.18574	0.76133	0.73595	0.3098	0.30765	0.89328	0.45192	0.3117	0.36529	0.38114	0.44144	0.44458	0.95455	0.58535	0.5474	0.29968	0.36998	0.20016	0.49512
2.555	0.36422	0.27264	0.47472	0.35398	0.29593	0.23305	0.18661	0.7608	0.73667	0.31158	0.30948	0.89534	0.45547	0.3153	0.36894	0.38437	0.44666	0.44545	0.95494	0.58945	0.54932	0.30232	0.37372	0.2015	0.50053
2.56	0.36815	0.27617	0.4796	0.35533	0.29837	0.2303	0.1885	0.7653	0.73781	0.31565	0.31283	0.89454	0.45159	0.3155	0.36349	0.38719	0.44172	0.44825	0.95591	0.59145	0.55314	0.3049	0.37685	0.20123	0.50346
2.565	0.37125	0.27926	0.48398	0.36107	0.30178	0.23766	0.1897	0.76194	0.7379	0.31814	0.3149	0.89695	0.4646	0.32077	0.37671	0.39119	0.4535	0.44942	0.95561	0.5966	0.55657	0.30793	0.37966	0.20264	0.50829
2.57	0.37459	0.27972	0.48513	0.36303	0.30627	0.23987	0.19193	0.76269	0.73703	0.32271	0.31837	0.89652	0.46564	0.32316	0.37924	0.39483	0.45525	0.45204	0.95461	0.60078	0.55982	0.31026	0.38155	0.20341	0.51151
2.575	0.37801	0.28263	0.49066	0.36621	0.30866	0.24221	0.1931	0.76273	0.73848	0.32382	0.31985	0.89215	0.47021	0.32633	0.3843	0.39829	0.45995	0.45198	0.95538	0.60079	0.56526	0.31165	0.38571	0.20388	0.51549
2.58	0.38278	0.28503	0.49364	0.37123	0.31295	0.24454	0.19486	0.76344	0.73956	0.32798	0.32359	0.89492	0.471	0.32633	0.38628	0.40187	0.46279	0.45504	0.95686	0.60567	0.56653	0.31539	0.38856	0.20495	0.51959
2.585	0.38504	0.28858	0.49889	0.37601	0.31601	0.24655	0.19497	0.76623	0.73857	0.32851	0.32467	0.89281	0.47384	0.32992	0.38757	0.40548	0.46367	0.45411	0.95599	0.6047	0.56878	0.31688	0.39167	0.20508	0.52305
2.59	0.39103	0.29071	0.50363	0.3771	0.32057	0.25206	0.19704	0.76419	0.74052	0.33304	0.32916	0.89652	0.48118	0.33442	0.39644	0.40809	0.47254	0.4579	0.95832	0.61361	0.57629	0.32005	0.39468	0.20679	0.52735
2.595	0.39634	0.29251	0.50579	0.38075	0.32547	0.25168	0.1977	0.76512	0.74293	0.33475	0.3319	0.89563	0.48346	0.33506	0.39813	0.40927	0.4737	0.45953	0.9607	0.61504	0.57764	0.32307	0.39867	0.20712	0.5317
2.6	0.39951	0.29705	0.51151	0.38778	0.33165	0.26029	0.19935	0.76652	0.74688	0.3384	0.33764	0.90047	0.48915	0.34022	0.40294	0.41632	0.4798	0.46485	0.96607	0.61912	0.58494	0.32559	0.40134	0.20888	0.53596
