RELAB ID	DL-CMP-023	DL-CMP-028	DL-CMP-024	DL-CMP-020	DL-CMP-021	DL-CMP-061	DL-CMP-022	DL-CMP-003	DL-CMP-026	DL-CMP-004	DL-CMP-025	DL-CMP-001	DL-CMP-064	DL-CMP-065	DL-CMP-002	DL-CMP-027
Wavelength (um)	023 - En30 Fs70	028 - En25 Fs75	024 - En17 Fs83	020 - En17 Fs83	021 - En8 Fs92	061 - Fs100	022 - En75 Fs25	003 - En75 Fs25	026 - En70 Fs30	004 - En50 Fs50	025 - En35 Fs65	001 - En100	064 - En97.5Fs2.5	065 - En90 Fs10	002 - En80 Fs20	027 - En80 Fs20
0.3	0.03257	0.03782	0.03818	0.03898	0.03975	0.03944	0.22241	0.21633	0.16686	0.0725	0.0302	0.54735	0.48647	0.4353	0.1716	0.19757
0.305	0.03243	0.03372	0.03557	0.03391	0.0386	0.04314	0.23132	0.21958	0.17145	0.06791	0.04194	0.54459	0.48942	0.47114	0.17856	0.19919
0.31	0.02899	0.03269	0.0354	0.03291	0.03452	0.03888	0.23587	0.22683	0.17531	0.06731	0.04303	0.54158	0.49628	0.47531	0.18439	0.20501
0.315	0.02886	0.03053	0.03551	0.03284	0.03546	0.03687	0.2502	0.23951	0.18434	0.07085	0.04252	0.5459	0.50956	0.48843	0.19341	0.21591
0.32	0.02889	0.03079	0.03521	0.03356	0.03512	0.03712	0.26505	0.25521	0.19847	0.07436	0.04468	0.55116	0.52384	0.50759	0.20958	0.23259
0.325	0.0278	0.03089	0.03437	0.03431	0.03659	0.03605	0.28496	0.27368	0.21359	0.07907	0.04539	0.55277	0.54348	0.52195	0.22821	0.25238
0.33	0.02845	0.03163	0.03492	0.03508	0.03621	0.03566	0.31303	0.30139	0.23516	0.08704	0.04855	0.55669	0.56195	0.54527	0.25454	0.28048
0.335	0.02877	0.03246	0.03446	0.03707	0.03803	0.03544	0.34223	0.33011	0.26222	0.09739	0.05407	0.55942	0.57026	0.56654	0.28615	0.31161
0.34	0.0301	0.03327	0.03845	0.0389	0.0387	0.03646	0.3722	0.36108	0.29112	0.11077	0.05855	0.56264	0.5809	0.5844	0.3198	0.34583
0.345	0.03097	0.03489	0.04028	0.04194	0.04032	0.03676	0.40423	0.3938	0.32376	0.12625	0.06556	0.56327	0.58646	0.60046	0.35713	0.38136
0.35	0.0329	0.03699	0.04382	0.04526	0.04254	0.0372	0.43658	0.42767	0.35913	0.14782	0.07478	0.56602	0.59107	0.61748	0.39617	0.41993
0.355	0.03595	0.04035	0.04877	0.05011	0.04539	0.03858	0.47014	0.46222	0.39576	0.17324	0.08567	0.56868	0.59569	0.62925	0.43728	0.45757
0.36	0.04046	0.04579	0.05596	0.05676	0.04971	0.04065	0.5027	0.49631	0.43385	0.2048	0.09936	0.57095	0.59956	0.64125	0.47741	0.4962
0.365	0.04794	0.05312	0.06547	0.06522	0.05525	0.04312	0.53192	0.52752	0.47004	0.2391	0.11486	0.57258	0.60251	0.65192	0.5159	0.53024
0.37	0.05728	0.06425	0.0787	0.07635	0.06258	0.04734	0.55491	0.5539	0.50319	0.2754	0.13026	0.57402	0.60427	0.659	0.54753	0.55836
0.375	0.06877	0.0773	0.09318	0.08908	0.07098	0.05283	0.57267	0.57331	0.5285	0.30741	0.14486	0.57599	0.60691	0.66443	0.56889	0.57878
0.38	0.08054	0.09064	0.1082	0.10175	0.07981	0.0588	0.58616	0.58814	0.54837	0.33462	0.1585	0.57729	0.60833	0.66864	0.58388	0.59183
0.385	0.09212	0.10478	0.12358	0.11493	0.08869	0.06646	0.59822	0.6004	0.56559	0.35839	0.17121	0.57694	0.61098	0.67208	0.59632	0.60375
0.39	0.10246	0.11777	0.13729	0.12735	0.09734	0.07416	0.60576	0.60915	0.57853	0.37805	0.18247	0.57812	0.61138	0.67372	0.60261	0.60974
0.395	0.11249	0.12983	0.15004	0.13797	0.10527	0.08078	0.61327	0.61636	0.59032	0.39464	0.19254	0.57949	0.61226	0.6749	0.60775	0.61585
0.4	0.12527	0.14542	0.1656	0.15158	0.1144	0.08858	0.62588	0.62896	0.60773	0.41707	0.20419	0.58155	0.61634	0.68128	0.62278	0.6292
0.405	0.13514	0.15777	0.17762	0.16229	0.12192	0.0959	0.63373	0.6367	0.61884	0.43256	0.21349	0.58176	0.61924	0.68415	0.6299	0.63732
0.41	0.14194	0.16788	0.18729	0.1711	0.12853	0.10154	0.63928	0.64437	0.62906	0.44514	0.22293	0.58276	0.62104	0.68685	0.63727	0.64306
0.415	0.15093	0.17804	0.19709	0.18021	0.13557	0.10739	0.64494	0.6495	0.63706	0.45655	0.23217	0.58287	0.62202	0.68936	0.64006	0.64704
0.42	0.15766	0.18333	0.20559	0.18833	0.14195	0.11312	0.64663	0.65188	0.64032	0.46301	0.23992	0.58435	0.62297	0.69051	0.63853	0.64505
0.425	0.15821	0.18316	0.20777	0.19024	0.14514	0.11637	0.64337	0.64744	0.63481	0.45776	0.24332	0.58498	0.62321	0.69014	0.62522	0.636
0.43	0.15809	0.18306	0.20821	0.1912	0.1467	0.11658	0.6477	0.65175	0.64129	0.46148	0.24631	0.58668	0.62547	0.69206	0.63126	0.64304
0.435	0.16361	0.18972	0.21407	0.19694	0.15024	0.11884	0.6547	0.65952	0.65127	0.47247	0.25123	0.5877	0.62858	0.69703	0.6417	0.65306
0.44	0.16599	0.19287	0.2179	0.20058	0.15311	0.12149	0.65679	0.66264	0.65376	0.47626	0.25424	0.58946	0.63055	0.69896	0.6448	0.65484
0.445	0.16692	0.19419	0.21938	0.20228	0.15473	0.12302	0.65909	0.66389	0.65619	0.47787	0.25599	0.5898	0.63245	0.70152	0.64396	0.65648
0.45	0.16809	0.19572	0.22129	0.20422	0.15642	0.12433	0.6606	0.66664	0.65824	0.47982	0.25747	0.59112	0.63498	0.70333	0.6462	0.65754
0.455	0.17042	0.19878	0.22445	0.20711	0.15862	0.12604	0.66355	0.66871	0.66195	0.48318	0.26006	0.59192	0.63617	0.70547	0.64689	0.66021
0.46	0.17429	0.20435	0.23017	0.2121	0.16214	0.12942	0.66645	0.67364	0.66673	0.49009	0.26453	0.59422	0.63929	0.70762	0.65246	0.66426
0.465	0.17526	0.20505	0.23135	0.21303	0.16373	0.13128	0.6687	0.67418	0.66881	0.4914	0.26697	0.59551	0.64196	0.71066	0.65228	0.66627
0.47	0.17388	0.20254	0.23081	0.2131	0.16451	0.13049	0.67026	0.6769	0.67082	0.49222	0.26954	0.5975	0.64427	0.71225	0.65407	0.66769
0.475	0.17661	0.20495	0.23277	0.21501	0.16644	0.13176	0.6741	0.68168	0.67601	0.49754	0.27274	0.59827	0.64727	0.71648	0.65878	0.67304
0.48	0.176	0.20363	0.23248	0.21509	0.1675	0.13186	0.67501	0.68358	0.67626	0.49564	0.27478	0.59963	0.65014	0.71772	0.66006	0.67341
0.485	0.17924	0.20744	0.23627	0.21858	0.1707	0.13475	0.6787	0.68634	0.68194	0.50063	0.27833	0.6009	0.65281	0.72093	0.66408	0.67937
0.49	0.18451	0.21558	0.2448	0.22612	0.17667	0.13983	0.68185	0.69076	0.68677	0.50783	0.28447	0.60268	0.65569	0.72307	0.66856	0.68263
0.495	0.1964	0.23079	0.25763	0.23826	0.18491	0.14868	0.68677	0.69577	0.69469	0.52269	0.29343	0.60466	0.65874	0.72581	0.67336	0.68979
0.5	0.19956	0.2324	0.2611	0.24216	0.18906	0.15351	0.6858	0.69647	0.69218	0.52184	0.298	0.60646	0.66043	0.72634	0.67134	0.68559
0.505	0.18043	0.20491	0.24238	0.22665	0.18283	0.14819	0.66273	0.6703	0.65386	0.47692	0.28907	0.60795	0.65769	0.71849	0.62512	0.64341
0.51	0.19496	0.2218	0.2521	0.23531	0.18794	0.14201	0.68724	0.69675	0.6931	0.51651	0.30193	0.61013	0.66472	0.7294	0.67127	0.68903
0.515	0.22299	0.25785	0.28242	0.26262	0.20605	0.1632	0.69805	0.70985	0.71287	0.55212	0.31963	0.61195	0.66745	0.73427	0.68824	0.7052
0.52	0.2388	0.27782	0.29977	0.27911	0.21841	0.17736	0.70156	0.71639	0.72008	0.56754	0.33059	0.614	0.66992	0.73581	0.6955	0.71034
0.525	0.24854	0.28829	0.30941	0.2884	0.22634	0.18552	0.70406	0.71856	0.72343	0.57485	0.33762	0.61607	0.6719	0.73761	0.6967	0.71302
0.53	0.25497	0.29518	0.3174	0.29593	0.23323	0.19203	0.70442	0.72074	0.72488	0.57822	0.34365	0.61798	0.67392	0.73829	0.69901	0.71342
0.535	0.26007	0.29963	0.32217	0.301	0.23842	0.19728	0.70525	0.72089	0.72463	0.57948	0.34761	0.61966	0.67496	0.73986	0.69649	0.71382
0.54	0.25979	0.29836	0.32272	0.30261	0.24136	0.19964	0.7034	0.71972	0.72078	0.57508	0.34888	0.62117	0.67542	0.73977	0.69327	0.70938
0.545	0.25699	0.29224	0.3191	0.30043	0.24173	0.19895	0.70229	0.71659	0.71661	0.56836	0.34836	0.62319	0.67685	0.73963	0.68735	0.70611
0.55	0.25772	0.2934	0.32026	0.30173	0.24386	0.19852	0.70199	0.71682	0.71642	0.56877	0.35043	0.62536	0.67749	0.73997	0.68732	0.70525
0.555	0.27071	0.30917	0.33198	0.31271	0.25147	0.20571	0.70757	0.72347	0.72576	0.58339	0.35755	0.62591	0.6791	0.74281	0.69493	0.71451
0.56	0.28333	0.32544	0.34525	0.32538	0.26079	0.21497	0.71122	0.72966	0.73285	0.5952	0.36525	0.62883	0.68189	0.74515	0.70446	0.72098
0.565	0.29458	0.33781	0.35538	0.33467	0.26812	0.22335	0.71511	0.73296	0.73783	0.60469	0.37164	0.62941	0.68352	0.74784	0.70802	0.72609
0.57	0.30169	0.34686	0.36425	0.34309	0.27466	0.22979	0.71706	0.73696	0.74119	0.61128	0.37688	0.63195	0.68519	0.74862	0.71282	0.7291
0.575	0.31009	0.35578	0.37175	0.34945	0.28033	0.23493	0.72011	0.73797	0.74505	0.61775	0.38142	0.63318	0.68726	0.75017	0.71485	0.73295
0.58	0.31799	0.36426	0.37727	0.35576	0.2855	0.2396	0.72163	0.74182	0.74753	0.62334	0.38547	0.63547	0.6879	0.75167	0.71904	0.73425
0.585	0.32466	0.3709	0.38329	0.36195	0.28957	0.24367	0.72439	0.74357	0.75114	0.62811	0.38928	0.63612	0.6897	0.75327	0.72079	0.73875
0.59	0.32984	0.37673	0.38786	0.36684	0.29374	0.2471	0.72598	0.7474	0.75378	0.63283	0.39222	0.63814	0.69085	0.75445	0.72505	0.74119
0.595	0.33529	0.38179	0.39222	0.37128	0.29736	0.24995	0.72872	0.74947	0.75693	0.63694	0.39462	0.63904	0.69187	0.75588	0.72685	0.74396
0.6	0.33831	0.38705	0.39549	0.37463	0.30035	0.25239	0.72976	0.75201	0.75881	0.64077	0.39745	0.64136	0.69324	0.75709	0.73001	0.74639
0.605	0.34226	0.39043	0.39859	0.37788	0.30307	0.25462	0.73197	0.75364	0.76117	0.64391	0.39951	0.64215	0.69419	0.75814	0.7318	0.74925
0.61	0.34542	0.39294	0.40131	0.38067	0.30551	0.25651	0.7327	0.75565	0.76289	0.64628	0.40129	0.64376	0.69437	0.75931	0.73475	0.75071
0.615	0.34889	0.39631	0.40334	0.38319	0.30746	0.25834	0.73494	0.75774	0.76495	0.64972	0.40293	0.64502	0.69619	0.76033	0.73613	0.75316
0.62	0.35168	0.39928	0.4054	0.38534	0.30938	0.25978	0.73572	0.75975	0.76673	0.65316	0.40469	0.64577	0.69706	0.76141	0.73976	0.75464
0.625	0.35491	0.40168	0.40753	0.38768	0.31116	0.26126	0.73803	0.76165	0.76935	0.65558	0.40608	0.64684	0.69875	0.76273	0.74086	0.75801
0.63	0.35667	0.40402	0.4092	0.38957	0.31271	0.26231	0.73892	0.76412	0.77161	0.658	0.40763	0.64831	0.69926	0.76389	0.74454	0.76065
0.635	0.35921	0.40541	0.41029	0.39103	0.31389	0.26328	0.74028	0.76471	0.77295	0.65996	0.40892	0.64906	0.69945	0.76491	0.74571	0.7628
0.64	0.36114	0.40762	0.41099	0.3924	0.31525	0.2642	0.74124	0.76713	0.7738	0.66221	0.40979	0.6505	0.7009	0.76595	0.74855	0.76343
0.645	0.36307	0.40852	0.41253	0.39349	0.31612	0.26471	0.74272	0.76826	0.77562	0.66373	0.41071	0.6519	0.70195	0.76683	0.74976	0.76591
0.65	0.3634	0.40974	0.41264	0.39409	0.31706	0.26492	0.74307	0.76997	0.77607	0.66523	0.41149	0.65336	0.70324	0.76782	0.75213	0.76704
0.655	0.36477	0.40955	0.41316	0.395	0.31785	0.26536	0.74472	0.77112	0.77771	0.66607	0.41264	0.65418	0.70433	0.76825	0.75186	0.76898
0.66	0.36483	0.41071	0.4134	0.39506	0.3185	0.26534	0.74493	0.77228	0.7781	0.66701	0.41281	0.65501	0.70588	0.76937	0.75435	0.76999
0.665	0.36561	0.41024	0.41372	0.3953	0.31897	0.26549	0.74598	0.77252	0.7783	0.66751	0.41366	0.6567	0.70677	0.76971	0.75486	0.77067
0.67	0.36676	0.4102	0.41371	0.3954	0.31951	0.26524	0.74686	0.77385	0.77925	0.6676	0.41402	0.65765	0.70721	0.77069	0.75587	0.77164
0.675	0.36694	0.4096	0.41396	0.39543	0.32004	0.26517	0.74742	0.7738	0.77927	0.66718	0.4143	0.65884	0.70817	0.77121	0.75615	0.77249
0.68	0.36559	0.40976	0.41309	0.3951	0.32016	0.26523	0.74783	0.77418	0.77899	0.66681	0.41401	0.65987	0.7091	0.77236	0.75629	0.77224
0.685	0.36537	0.4082	0.41298	0.39497	0.3203	0.26464	0.74819	0.77497	0.77854	0.66571	0.41439	0.66007	0.71079	0.77251	0.75558	0.77217
0.69	0.3651	0.40733	0.41243	0.39414	0.32045	0.26434	0.74778	0.77503	0.77786	0.66499	0.41437	0.66185	0.71142	0.77265	0.7551	0.77111
0.695	0.36412	0.40529	0.41175	0.39361	0.32041	0.26388	0.74728	0.77407	0.7764	0.66305	0.41446	0.66236	0.71124	0.77264	0.75343	0.76992
0.7	0.36285	0.40433	0.41064	0.39209	0.3198	0.26333	0.74672	0.77284	0.77488	0.66127	0.41418	0.66407	0.71334	0.77246	0.75145	0.76902
0.705	0.3612	0.40182	0.40967	0.39108	0.3197	0.26269	0.74575	0.77079	0.77199	0.65874	0.41411	0.66499	0.71259	0.77165	0.74867	0.76574
0.71	0.35922	0.39945	0.40766	0.38957	0.31931	0.26172	0.74509	0.76931	0.76941	0.65481	0.41351	0.66646	0.71297	0.77187	0.74413	0.76191
0.715	0.35623	0.39496	0.40622	0.38702	0.31846	0.2607	0.74265	0.76744	0.76508	0.64953	0.41284	0.66808	0.71286	0.77058	0.73854	0.75762
0.72	0.35299	0.39137	0.40324	0.38442	0.31754	0.25919	0.74033	0.7632	0.7602	0.64455	0.41238	0.66971	0.71208	0.7695	0.73236	0.75215
0.725	0.34869	0.38549	0.40054	0.38209	0.3166	0.25776	0.73684	0.75778	0.75413	0.63665	0.41075	0.67018	0.71183	0.76762	0.7249	0.74564
0.73	0.34385	0.37904	0.39723	0.37863	0.31492	0.25582	0.73319	0.753	0.74676	0.62921	0.40918	0.67188	0.71063	0.7641	0.71621	0.73668
0.735	0.33768	0.37101	0.3923	0.3739	0.31291	0.25366	0.72771	0.7469	0.73761	0.61912	0.40649	0.67308	0.70937	0.76123	0.7042	0.72594
0.74	0.33019	0.36339	0.38744	0.36948	0.31095	0.25089	0.7217	0.73827	0.72746	0.60811	0.4038	0.6741	0.70778	0.75814	0.69159	0.71489
0.745	0.322	0.35393	0.38113	0.36355	0.30787	0.24779	0.71525	0.72834	0.71575	0.59618	0.40023	0.67502	0.7047	0.75281	0.67738	0.70125
0.75	0.31284	0.3439	0.37477	0.35697	0.30464	0.24461	0.70683	0.71714	0.70447	0.58164	0.39688	0.67582	0.7036	0.74859	0.66136	0.68732
0.755	0.30221	0.33232	0.36663	0.34872	0.30085	0.24093	0.69764	0.7053	0.68886	0.56639	0.39122	0.67709	0.70024	0.74137	0.64437	0.67037
0.76	0.29079	0.32022	0.35851	0.34066	0.29665	0.23703	0.68703	0.69209	0.67443	0.54975	0.38629	0.67802	0.6956	0.7346	0.62559	0.65402
0.765	0.2786	0.3067	0.34937	0.33078	0.29199	0.23198	0.67608	0.67869	0.65752	0.53142	0.3803	0.67901	0.69157	0.72655	0.60618	0.63528
0.77	0.26539	0.29124	0.33882	0.32095	0.28661	0.22695	0.66367	0.6635	0.63998	0.51239	0.37281	0.67979	0.68643	0.71747	0.58624	0.61604
0.775	0.25175	0.27663	0.32787	0.31018	0.28063	0.22125	0.6502	0.64736	0.62197	0.49296	0.36534	0.6815	0.68004	0.70696	0.56493	0.5961
0.78	0.23787	0.26201	0.31566	0.29919	0.2742	0.21503	0.63591	0.63037	0.60269	0.47216	0.35662	0.68168	0.67379	0.69632	0.54326	0.57494
0.785	0.22344	0.24648	0.30335	0.28828	0.26713	0.20845	0.62071	0.61309	0.58306	0.45139	0.34743	0.68252	0.66609	0.68518	0.52205	0.55396
0.79	0.20947	0.23117	0.29009	0.27588	0.25927	0.2011	0.60449	0.59491	0.5631	0.4305	0.33747	0.68317	0.65777	0.67296	0.49987	0.53278
0.795	0.19502	0.21543	0.27628	0.26337	0.25113	0.19314	0.5882	0.57717	0.54323	0.40887	0.32648	0.68351	0.64881	0.66	0.47831	0.51122
0.8	0.18196	0.20355	0.26357	0.25323	0.24327	0.18594	0.57305	0.55995	0.52349	0.38885	0.31615	0.68452	0.64193	0.64869	0.45821	0.49101
0.805	0.16708	0.18711	0.2481	0.23856	0.23287	0.17653	0.55376	0.53964	0.50234	0.36659	0.30321	0.68626	0.63218	0.63305	0.43458	0.46861
0.81	0.15404	0.17173	0.23341	0.22488	0.22294	0.16718	0.5362	0.52006	0.48172	0.34583	0.29067	0.68644	0.62075	0.61976	0.41394	0.44729
0.815	0.14144	0.15871	0.21958	0.21194	0.21268	0.15844	0.51846	0.50141	0.46227	0.32605	0.27846	0.68645	0.60973	0.60524	0.39415	0.42821
0.82	0.12962	0.14591	0.20559	0.19882	0.2025	0.14962	0.50103	0.48201	0.44198	0.30782	0.26585	0.68715	0.59873	0.59038	0.37416	0.40821
0.825	0.11957	0.13412	0.19296	0.18667	0.19277	0.1405	0.48427	0.46564	0.42435	0.28942	0.25351	0.68793	0.58738	0.57766	0.3568	0.38979
0.83	0.10983	0.12369	0.18056	0.17474	0.18277	0.13162	0.46718	0.44812	0.40618	0.27321	0.24129	0.68837	0.57554	0.56227	0.3394	0.37272
0.835	0.1011	0.11399	0.16888	0.16447	0.1737	0.12346	0.45197	0.43169	0.38944	0.25693	0.22955	0.68798	0.56551	0.54943	0.32318	0.35537
0.84	0.09338	0.10717	0.15785	0.15407	0.16395	0.11602	0.43644	0.41639	0.37402	0.24325	0.21824	0.68955	0.5544	0.53668	0.30818	0.34043
0.845	0.08656	0.099	0.14811	0.14483	0.15548	0.10853	0.42205	0.40149	0.35828	0.22964	0.20685	0.69037	0.54378	0.52455	0.29446	0.32552
0.85	0.08044	0.09298	0.13882	0.13634	0.1473	0.1019	0.40874	0.38755	0.34424	0.21747	0.19649	0.68993	0.53381	0.51195	0.28143	0.31249
0.855	0.0746	0.08638	0.12989	0.12795	0.13954	0.09622	0.3962	0.3741	0.33123	0.20645	0.18693	0.68969	0.52026	0.50094	0.26976	0.30022
0.86	0.07022	0.08196	0.12244	0.1205	0.13183	0.08954	0.38391	0.36252	0.31955	0.19643	0.17745	0.6924	0.51346	0.4909	0.25789	0.28939
0.865	0.06595	0.07678	0.11488	0.11402	0.12517	0.08436	0.37301	0.35144	0.30852	0.18653	0.16898	0.69121	0.50255	0.4821	0.24883	0.2787
0.87	0.06248	0.07328	0.10892	0.10833	0.11885	0.07968	0.36187	0.34092	0.29755	0.17865	0.16116	0.6912	0.49537	0.47192	0.23977	0.26976
0.875	0.0591	0.06953	0.10317	0.10312	0.11358	0.07521	0.35308	0.33156	0.28778	0.17089	0.1538	0.69113	0.4891	0.46332	0.23176	0.26126
0.88	0.05595	0.06607	0.09862	0.09751	0.10838	0.07165	0.34447	0.32366	0.28022	0.16391	0.14792	0.69204	0.48301	0.45676	0.22611	0.25378
0.885	0.05374	0.06303	0.09396	0.09435	0.1036	0.06815	0.33759	0.31706	0.27264	0.15831	0.142	0.69177	0.4777	0.45127	0.22057	0.24763
0.89	0.05191	0.06083	0.09001	0.09024	0.09984	0.06465	0.33183	0.31012	0.26627	0.15278	0.13666	0.69311	0.47335	0.44593	0.21425	0.24263
0.895	0.05047	0.05893	0.0861	0.08723	0.09619	0.06244	0.326	0.30438	0.26212	0.14829	0.13221	0.69264	0.46991	0.44218	0.2104	0.23839
0.9	0.04854	0.05579	0.08346	0.08416	0.09311	0.06036	0.32149	0.30029	0.2568	0.14495	0.12833	0.69453	0.46874	0.43891	0.20724	0.23451
0.905	0.04742	0.05438	0.08116	0.08254	0.09054	0.05871	0.31873	0.29704	0.25418	0.14173	0.12521	0.69445	0.46672	0.43864	0.20551	0.23306
0.91	0.04642	0.05469	0.07881	0.08036	0.08792	0.05683	0.31674	0.29523	0.25153	0.13929	0.12259	0.69436	0.46744	0.43731	0.20465	0.23163
0.915	0.04589	0.05339	0.07669	0.07865	0.08617	0.05525	0.31604	0.29374	0.25043	0.13777	0.12005	0.69496	0.46956	0.43836	0.2038	0.23041
0.92	0.04529	0.05265	0.07554	0.07729	0.08413	0.05418	0.31643	0.29366	0.24999	0.13726	0.11893	0.6959	0.47296	0.44115	0.20409	0.23232
0.925	0.04516	0.05208	0.07478	0.07601	0.08323	0.05326	0.31832	0.2954	0.25133	0.13607	0.11775	0.69579	0.47662	0.44457	0.20651	0.23336
0.93	0.04473	0.05207	0.07386	0.07581	0.08206	0.05264	0.32121	0.29785	0.25335	0.13646	0.11728	0.69657	0.48262	0.44929	0.20901	0.23673
0.935	0.04451	0.05183	0.07355	0.07502	0.08154	0.05216	0.32436	0.30261	0.25645	0.1372	0.1173	0.6975	0.48936	0.45501	0.21268	0.24037
0.94	0.04434	0.05293	0.07315	0.07528	0.08129	0.05195	0.33015	0.30696	0.26029	0.13887	0.11779	0.69898	0.49754	0.46236	0.2176	0.24554
0.945	0.04477	0.05302	0.07341	0.075	0.08134	0.05197	0.33664	0.31301	0.26564	0.14077	0.11897	0.69912	0.50737	0.47159	0.2235	0.25229
0.95	0.04577	0.05349	0.07404	0.0753	0.08146	0.05202	0.34404	0.32114	0.27232	0.14405	0.12067	0.70047	0.51668	0.48136	0.2303	0.25988
0.955	0.04691	0.05465	0.07514	0.0763	0.08229	0.05214	0.3528	0.33005	0.27989	0.14758	0.12318	0.70099	0.52817	0.49206	0.23945	0.26917
0.96	0.04803	0.05508	0.07609	0.07765	0.08344	0.05284	0.3639	0.33963	0.28948	0.15296	0.12625	0.70337	0.53998	0.50362	0.24859	0.27906
0.965	0.04955	0.05681	0.07787	0.07934	0.08452	0.05359	0.3748	0.35079	0.29961	0.15804	0.13017	0.70396	0.55326	0.51732	0.25943	0.29058
0.97	0.05121	0.05823	0.07995	0.0815	0.08639	0.05475	0.38836	0.36369	0.31135	0.16496	0.13461	0.70549	0.56653	0.53085	0.27223	0.30301
0.975	0.05321	0.06063	0.08254	0.08333	0.0884	0.05565	0.40234	0.37748	0.32489	0.17239	0.14007	0.70723	0.58043	0.54571	0.28477	0.31727
0.98	0.05482	0.06273	0.08501	0.08626	0.09137	0.05722	0.41733	0.39187	0.33881	0.18118	0.14648	0.70784	0.59296	0.56009	0.30033	0.33293
0.985	0.05744	0.0654	0.08862	0.08949	0.09418	0.059	0.43317	0.40769	0.3549	0.19077	0.15311	0.70959	0.6061	0.57551	0.31569	0.3492
0.99	0.06057	0.06913	0.09274	0.09329	0.09772	0.06101	0.44915	0.42483	0.37045	0.20177	0.16152	0.71199	0.61988	0.59038	0.33255	0.36639
0.995	0.06453	0.07242	0.0977	0.09727	0.10224	0.06356	0.46571	0.44141	0.38687	0.21345	0.16936	0.7128	0.63359	0.60431	0.35074	0.38331
1	0.06909	0.07721	0.10301	0.10223	0.10684	0.06632	0.48319	0.45818	0.40456	0.22665	0.17983	0.71369	0.64514	0.61939	0.36776	0.40269
1.005	0.074	0.08215	0.10921	0.10738	0.11207	0.06978	0.49967	0.47533	0.42221	0.24143	0.1903	0.71479	0.65673	0.63257	0.3866	0.42118
1.01	0.08039	0.08688	0.1161	0.11372	0.11836	0.07368	0.51651	0.49257	0.44053	0.25566	0.20177	0.71539	0.6682	0.64616	0.40559	0.44033
1.015	0.08634	0.09329	0.12412	0.12076	0.12529	0.0778	0.53352	0.51024	0.45876	0.27206	0.2134	0.71761	0.67821	0.65914	0.42548	0.46007
1.02	0.09328	0.10014	0.13258	0.12878	0.13251	0.08315	0.54996	0.52628	0.47722	0.28803	0.22601	0.71848	0.68782	0.67169	0.44371	0.47865
1.025	0.1007	0.10807	0.14179	0.13648	0.14066	0.0882	0.56504	0.54299	0.49467	0.30483	0.23961	0.72017	0.69709	0.68241	0.46209	0.49754
1.03	0.10964	0.11531	0.15128	0.14517	0.14938	0.0946	0.58014	0.56028	0.51267	0.32259	0.25264	0.72134	0.70471	0.69338	0.48149	0.5161
1.035	0.1185	0.12421	0.16172	0.15598	0.15847	0.10093	0.59393	0.57471	0.52939	0.33925	0.26613	0.72255	0.71243	0.70257	0.49862	0.53328
1.04	0.12843	0.13348	0.17256	0.1666	0.16811	0.10807	0.60677	0.58973	0.54569	0.35655	0.2794	0.72246	0.7188	0.71175	0.51537	0.54976
1.045	0.13826	0.14376	0.18392	0.17523	0.17837	0.11563	0.61841	0.60489	0.56036	0.37295	0.29269	0.72479	0.72421	0.71902	0.533	0.56573
1.05	0.14814	0.15291	0.1957	0.18607	0.18756	0.12364	0.62979	0.61706	0.57505	0.38987	0.30585	0.72523	0.72969	0.72659	0.54726	0.58001
1.055	0.15842	0.1629	0.20737	0.19774	0.1974	0.13168	0.63956	0.62915	0.58815	0.40485	0.31837	0.72683	0.73406	0.73207	0.56141	0.59327
1.06	0.16965	0.17282	0.21845	0.2081	0.20793	0.13963	0.64833	0.64089	0.59951	0.41907	0.3292	0.72781	0.73757	0.73746	0.57458	0.60551
1.065	0.17919	0.18288	0.22956	0.21875	0.21712	0.1478	0.65635	0.64998	0.61083	0.43254	0.34078	0.72766	0.74137	0.74223	0.58615	0.61679
1.07	0.18884	0.19092	0.2398	0.22862	0.22684	0.15573	0.66262	0.65824	0.62039	0.44391	0.35106	0.72938	0.74385	0.7464	0.59572	0.62612
1.075	0.19814	0.20018	0.24972	0.23772	0.23566	0.1628	0.66897	0.66573	0.62807	0.45568	0.36011	0.73016	0.74647	0.75043	0.60568	0.63487
1.08	0.2057	0.20885	0.25885	0.24619	0.24347	0.17047	0.67439	0.67158	0.63624	0.46548	0.3683	0.73152	0.74889	0.75304	0.61329	0.64302
1.085	0.21327	0.2165	0.26754	0.25469	0.25086	0.17708	0.67806	0.67834	0.6424	0.47349	0.37596	0.73183	0.75021	0.75492	0.62013	0.64918
1.09	0.22112	0.22268	0.27439	0.26198	0.25751	0.18318	0.68218	0.68309	0.64776	0.48063	0.38246	0.73237	0.75232	0.75719	0.62635	0.65453
1.095	0.22707	0.22927	0.28137	0.26885	0.26362	0.18865	0.68543	0.68675	0.65257	0.48717	0.38818	0.73368	0.75411	0.75952	0.63224	0.65969
1.1	0.2316	0.23376	0.2871	0.274	0.26912	0.19333	0.68825	0.69074	0.65661	0.49318	0.39235	0.73432	0.75548	0.76113	0.63607	0.66333
1.105	0.23607	0.23821	0.29191	0.27865	0.27334	0.19725	0.69021	0.69225	0.65987	0.49647	0.39702	0.73444	0.75655	0.76238	0.64024	0.66703
1.11	0.24008	0.24159	0.2962	0.28221	0.27719	0.20088	0.69254	0.69603	0.66351	0.50124	0.40072	0.73637	0.75738	0.76398	0.643	0.67084
1.115	0.24292	0.24435	0.2991	0.28552	0.28005	0.20413	0.69375	0.69839	0.66565	0.50391	0.40371	0.73664	0.75906	0.76442	0.64604	0.67256
1.12	0.24556	0.24603	0.30184	0.28858	0.28299	0.20642	0.69579	0.70144	0.66787	0.50647	0.40569	0.73662	0.76076	0.76575	0.64884	0.67518
1.125	0.24774	0.24794	0.30464	0.28999	0.28528	0.20845	0.69722	0.70202	0.66947	0.50852	0.4081	0.73785	0.76222	0.76751	0.65058	0.67659
1.13	0.24907	0.2488	0.30591	0.29222	0.28707	0.20998	0.69788	0.70316	0.67103	0.51049	0.41024	0.73877	0.76276	0.7681	0.65265	0.6785
1.135	0.25011	0.25076	0.30726	0.293	0.28842	0.21084	0.69885	0.70319	0.6723	0.51076	0.41193	0.73873	0.76393	0.76865	0.65427	0.68062
1.14	0.25127	0.25003	0.30841	0.29453	0.28964	0.21137	0.69988	0.70469	0.6736	0.51238	0.41304	0.73938	0.76439	0.7694	0.65589	0.68245
1.145	0.25225	0.25129	0.30943	0.29473	0.28999	0.21287	0.7013	0.70774	0.6742	0.51315	0.41411	0.74056	0.76556	0.77035	0.65724	0.68316
1.15	0.25303	0.25132	0.31011	0.29516	0.29096	0.21357	0.70153	0.70813	0.67645	0.51445	0.41525	0.74154	0.76662	0.77095	0.65961	0.68478
1.155	0.25339	0.2522	0.31053	0.29655	0.29185	0.2138	0.7022	0.70885	0.67726	0.51561	0.41641	0.74182	0.76701	0.77179	0.66089	0.68697
1.16	0.25427	0.25193	0.31075	0.29702	0.29186	0.21415	0.70343	0.70847	0.67843	0.51597	0.41716	0.74353	0.76821	0.77258	0.66334	0.68795
1.165	0.25463	0.25218	0.31159	0.29671	0.29232	0.21461	0.70429	0.71006	0.67995	0.51771	0.419	0.74322	0.76905	0.774	0.66489	0.68966
1.17	0.25443	0.2518	0.31182	0.29782	0.29342	0.21518	0.70559	0.71202	0.68102	0.51815	0.41962	0.74321	0.77014	0.77492	0.66624	0.69166
1.175	0.25564	0.25143	0.31233	0.29875	0.29393	0.21535	0.70686	0.71417	0.6828	0.51952	0.42084	0.74393	0.77068	0.77546	0.66772	0.69384
1.18	0.25641	0.25214	0.31279	0.29909	0.29454	0.21594	0.70753	0.71595	0.68411	0.52069	0.42167	0.7442	0.77184	0.77673	0.6708	0.69594
1.185	0.2575	0.25299	0.31386	0.2998	0.29526	0.21617	0.70904	0.71611	0.68523	0.52228	0.4231	0.74531	0.7735	0.77769	0.67217	0.69672
1.19	0.25898	0.25362	0.31468	0.30026	0.29606	0.2163	0.71043	0.71785	0.68729	0.5241	0.42479	0.74593	0.77489	0.77816	0.67517	0.69994
1.195	0.26034	0.25417	0.31488	0.30094	0.29736	0.21729	0.71143	0.72069	0.68843	0.52555	0.42628	0.7462	0.77494	0.77968	0.67745	0.7013
1.2	0.26145	0.25513	0.31624	0.30184	0.29789	0.2183	0.71304	0.72283	0.69032	0.52756	0.42795	0.74651	0.7758	0.7808	0.68005	0.70411
1.205	0.26322	0.25664	0.3178	0.30371	0.29909	0.2186	0.71446	0.72355	0.69296	0.52945	0.43015	0.74776	0.77705	0.78193	0.68192	0.70669
1.21	0.26472	0.25905	0.31892	0.30482	0.30053	0.21969	0.71558	0.72718	0.6944	0.53227	0.43169	0.74901	0.77765	0.78292	0.68493	0.70929
1.215	0.26644	0.26129	0.32096	0.30664	0.30216	0.2206	0.71773	0.72807	0.69703	0.53412	0.43412	0.7488	0.77908	0.78435	0.68781	0.71204
1.22	0.26912	0.2612	0.32203	0.30817	0.30349	0.22195	0.71951	0.72989	0.69961	0.53689	0.43557	0.74958	0.78033	0.7848	0.69173	0.71446
1.225	0.27108	0.26342	0.32318	0.31008	0.30484	0.22334	0.72137	0.73202	0.70183	0.5399	0.43842	0.74967	0.7817	0.78594	0.69397	0.71695
1.23	0.27398	0.26539	0.32518	0.3121	0.3065	0.22437	0.72278	0.73481	0.70356	0.54293	0.44027	0.75103	0.7817	0.78669	0.69664	0.71929
1.235	0.27635	0.26822	0.32749	0.31429	0.30873	0.22641	0.72432	0.73742	0.70657	0.54503	0.44284	0.75109	0.78298	0.78781	0.69922	0.72265
1.24	0.28038	0.27015	0.33052	0.31673	0.31018	0.22804	0.72615	0.73957	0.70893	0.54873	0.44601	0.75039	0.78381	0.78895	0.70315	0.72557
1.245	0.28347	0.2731	0.33286	0.31985	0.31302	0.22955	0.72791	0.74185	0.71124	0.552	0.44826	0.75083	0.78473	0.78954	0.70584	0.72801
1.25	0.28595	0.27587	0.33553	0.32216	0.31493	0.2315	0.7297	0.7432	0.71443	0.55599	0.45161	0.75232	0.78548	0.79054	0.7086	0.7314
1.255	0.28924	0.27915	0.33868	0.32486	0.31786	0.23379	0.7316	0.74753	0.71724	0.55951	0.45432	0.75295	0.78579	0.79099	0.71208	0.73424
1.26	0.29374	0.28171	0.34169	0.32814	0.32097	0.23618	0.73354	0.74939	0.72005	0.56335	0.45767	0.75309	0.7871	0.79223	0.71509	0.73682
1.265	0.29735	0.28642	0.34486	0.33178	0.32422	0.23859	0.7355	0.7513	0.72266	0.56713	0.46103	0.75387	0.78819	0.79354	0.71891	0.73956
1.27	0.30093	0.28955	0.34827	0.3352	0.32723	0.24105	0.7373	0.7535	0.7251	0.57067	0.4642	0.75395	0.78887	0.79444	0.72119	0.74257
1.275	0.30479	0.29311	0.35208	0.3385	0.33005	0.24361	0.7387	0.75609	0.72786	0.57369	0.4672	0.75382	0.78954	0.79479	0.72379	0.74571
1.28	0.30968	0.29765	0.35536	0.34301	0.33399	0.24644	0.74013	0.75785	0.72998	0.57818	0.47077	0.75533	0.79011	0.79547	0.7271	0.74758
1.285	0.31465	0.30159	0.35963	0.34686	0.33807	0.24946	0.74253	0.75933	0.73299	0.58192	0.47463	0.75454	0.78975	0.79539	0.73014	0.75023
1.29	0.31923	0.30566	0.36369	0.35149	0.34143	0.2528	0.74403	0.76178	0.73566	0.58676	0.47831	0.75575	0.79073	0.79697	0.73237	0.7528
1.295	0.32356	0.31032	0.36855	0.35615	0.34579	0.25552	0.74533	0.76526	0.73842	0.59076	0.48225	0.75662	0.7915	0.79684	0.73511	0.75571
1.3	0.32851	0.31556	0.37262	0.36043	0.34936	0.25908	0.74666	0.76689	0.74128	0.59477	0.48604	0.75665	0.79159	0.79759	0.73782	0.75766
1.305	0.33367	0.31981	0.37751	0.36533	0.3541	0.26242	0.74796	0.77001	0.74335	0.59856	0.48959	0.75719	0.79189	0.79816	0.74015	0.7597
1.31	0.33967	0.32555	0.38195	0.37084	0.35841	0.26639	0.74995	0.77113	0.74537	0.60269	0.49297	0.75784	0.79207	0.7982	0.74181	0.76152
1.315	0.34484	0.33065	0.38651	0.37498	0.36294	0.26988	0.75062	0.77137	0.74732	0.60674	0.49714	0.7579	0.79264	0.79855	0.74322	0.76373
1.32	0.35126	0.33596	0.39174	0.38007	0.3673	0.27399	0.75195	0.77362	0.74988	0.61154	0.50089	0.75879	0.79299	0.79876	0.7458	0.76467
1.325	0.3569	0.34062	0.39635	0.38616	0.37242	0.27802	0.75357	0.77524	0.75204	0.61572	0.50476	0.75938	0.79205	0.79884	0.74738	0.76609
1.33	0.36165	0.34669	0.40138	0.39117	0.37694	0.28204	0.75388	0.77674	0.75374	0.6197	0.50941	0.76039	0.79284	0.79856	0.748	0.76691
1.335	0.36713	0.35252	0.40706	0.39635	0.38129	0.28601	0.75481	0.77783	0.75568	0.62325	0.51347	0.76006	0.79269	0.7986	0.74921	0.76807
1.34	0.37308	0.35766	0.41209	0.40195	0.38641	0.2904	0.75587	0.77898	0.75677	0.62749	0.51704	0.76024	0.79321	0.79893	0.7493	0.76878
1.345	0.37858	0.36407	0.41697	0.40761	0.3911	0.29467	0.75598	0.77926	0.75692	0.63077	0.52043	0.76061	0.79352	0.7977	0.75045	0.768
1.35	0.38399	0.36875	0.42184	0.41299	0.39589	0.29805	0.75564	0.78001	0.75874	0.63371	0.52423	0.76156	0.79411	0.79719	0.74958	0.76847
1.355	0.389	0.37438	0.4263	0.41767	0.40012	0.30078	0.75527	0.7794	0.75836	0.63675	0.52759	0.76038	0.79456	0.79598	0.74847	0.76645
1.36	0.39426	0.37993	0.43132	0.4224	0.40454	0.30516	0.7546	0.77898	0.75919	0.63929	0.53105	0.76097	0.79503	0.79381	0.74708	0.76657
1.365	0.40029	0.3858	0.43782	0.4293	0.41139	0.30959	0.75599	0.77873	0.76046	0.64202	0.5352	0.7616	0.79472	0.79502	0.74841	0.76714
1.37	0.40587	0.3918	0.44241	0.43496	0.41587	0.31416	0.75584	0.77937	0.76045	0.6456	0.53793	0.76269	0.7943	0.79452	0.74688	0.76547
1.375	0.4115	0.3975	0.44839	0.44095	0.42138	0.32003	0.75547	0.77936	0.76	0.6478	0.54147	0.76202	0.79319	0.79271	0.74554	0.76421
1.38	0.41678	0.40229	0.45324	0.44471	0.42542	0.32373	0.75443	0.77796	0.7589	0.65018	0.54453	0.76181	0.79122	0.79023	0.74266	0.76191
1.385	0.42347	0.40828	0.45951	0.45344	0.43303	0.32779	0.75564	0.77829	0.76074	0.65201	0.54909	0.76347	0.79031	0.79252	0.7436	0.76222
1.39	0.42785	0.41456	0.46416	0.45806	0.43768	0.33367	0.75486	0.7776	0.75924	0.65461	0.55203	0.76378	0.78974	0.7906	0.74045	0.75915
1.395	0.4315	0.4189	0.4688	0.46134	0.44096	0.33692	0.75245	0.77629	0.75708	0.65535	0.55464	0.76291	0.78742	0.78919	0.7366	0.75562
1.4	0.43657	0.42346	0.47348	0.46643	0.44555	0.34138	0.75091	0.77316	0.756	0.6564	0.55655	0.76287	0.78503	0.78719	0.73241	0.75282
1.405	0.44083	0.42894	0.4781	0.47111	0.45064	0.34676	0.75002	0.77159	0.75399	0.65766	0.55964	0.76342	0.78386	0.78575	0.7303	0.7497
1.41	0.44552	0.43466	0.48337	0.47793	0.45673	0.35231	0.74989	0.77057	0.75288	0.65873	0.56268	0.76416	0.78219	0.78525	0.72773	0.74809
1.415	0.44951	0.43896	0.4882	0.4831	0.46106	0.35667	0.74868	0.76943	0.75157	0.65897	0.56444	0.7641	0.78079	0.7831	0.72385	0.7443
1.42	0.4533	0.44378	0.49269	0.48769	0.46542	0.36109	0.74716	0.76681	0.74988	0.65948	0.5665	0.76471	0.7783	0.78105	0.72059	0.74159
1.425	0.45626	0.44831	0.4971	0.49135	0.47011	0.3661	0.74539	0.76336	0.74776	0.65939	0.56893	0.76496	0.77704	0.77933	0.71713	0.73788
1.43	0.45956	0.45098	0.5008	0.4955	0.47449	0.36988	0.74351	0.76168	0.74515	0.65788	0.5701	0.76492	0.77619	0.77708	0.71326	0.73417
1.435	0.46205	0.45355	0.50514	0.50068	0.47911	0.37398	0.74168	0.75951	0.74268	0.65713	0.57171	0.76638	0.77478	0.77606	0.70904	0.73068
1.44	0.46493	0.45685	0.50808	0.50434	0.48326	0.37796	0.74034	0.75666	0.73984	0.65644	0.57271	0.76665	0.77337	0.77353	0.70481	0.72632
1.445	0.46633	0.45917	0.51158	0.50751	0.48697	0.3813	0.73753	0.75198	0.73684	0.65423	0.57414	0.76677	0.772	0.7708	0.69983	0.72234
1.45	0.46824	0.46111	0.51446	0.51044	0.49051	0.38533	0.73512	0.74929	0.73331	0.65278	0.57465	0.76704	0.77044	0.76988	0.69451	0.71743
1.455	0.46903	0.46318	0.51787	0.51352	0.49383	0.38873	0.73229	0.74739	0.72952	0.65018	0.57531	0.76699	0.76762	0.76755	0.68993	0.71297
1.46	0.46979	0.46533	0.51983	0.51586	0.4973	0.39255	0.73016	0.74271	0.72582	0.64837	0.5752	0.76788	0.76602	0.76466	0.6855	0.70812
1.465	0.46984	0.46762	0.52199	0.51837	0.49985	0.39554	0.72741	0.73815	0.72274	0.64507	0.57501	0.76827	0.76462	0.76213	0.67989	0.70326
1.47	0.47019	0.46698	0.52389	0.52012	0.50228	0.39798	0.72502	0.73488	0.71901	0.64164	0.57533	0.76834	0.76354	0.75984	0.67529	0.69837
1.475	0.46955	0.46694	0.52548	0.52138	0.50573	0.40131	0.722	0.7323	0.71507	0.63865	0.57496	0.76845	0.76084	0.75776	0.66986	0.69419
1.48	0.46734	0.46627	0.52662	0.52235	0.50787	0.40332	0.71878	0.72835	0.71026	0.63497	0.57434	0.76897	0.75895	0.75528	0.66361	0.6881
1.485	0.46553	0.46491	0.52705	0.52375	0.50979	0.40576	0.7156	0.72241	0.70676	0.63074	0.57326	0.76919	0.7561	0.75259	0.65801	0.68311
1.49	0.46453	0.46461	0.52821	0.52449	0.51132	0.40766	0.71277	0.71842	0.7023	0.62692	0.5726	0.76975	0.75404	0.75012	0.65204	0.67822
1.495	0.46216	0.46311	0.52823	0.52356	0.51277	0.40977	0.70953	0.71651	0.69748	0.62248	0.57133	0.77022	0.75225	0.74639	0.64702	0.67259
1.5	0.45996	0.46085	0.52825	0.52298	0.51401	0.41074	0.7061	0.71148	0.69293	0.61828	0.57014	0.77066	0.74936	0.74414	0.64168	0.66717
1.505	0.45689	0.45912	0.52815	0.52306	0.5149	0.41207	0.70267	0.7059	0.68833	0.61394	0.56777	0.77071	0.74756	0.74161	0.63537	0.66208
1.51	0.45267	0.45492	0.52719	0.52224	0.51592	0.41338	0.69948	0.70239	0.68414	0.60899	0.56515	0.77106	0.74511	0.73844	0.62966	0.65591
1.515	0.44902	0.45189	0.52566	0.52038	0.51605	0.41385	0.69581	0.69872	0.6792	0.60453	0.56327	0.77155	0.74301	0.73641	0.62417	0.65042
1.52	0.44542	0.44874	0.52452	0.51905	0.51602	0.41429	0.69203	0.69494	0.67482	0.59886	0.56092	0.77201	0.73996	0.7329	0.61852	0.64542
1.525	0.44133	0.44564	0.52214	0.51701	0.51592	0.41434	0.68826	0.68792	0.66948	0.59411	0.55828	0.77223	0.73833	0.72994	0.61219	0.63928
1.53	0.43644	0.4408	0.51977	0.51463	0.5154	0.41448	0.68507	0.68336	0.66449	0.58836	0.55493	0.77227	0.7355	0.72712	0.60541	0.63393
1.535	0.43124	0.43662	0.5176	0.51129	0.51389	0.41399	0.68174	0.67964	0.65951	0.58363	0.55313	0.77222	0.7333	0.72385	0.59912	0.62826
1.54	0.42626	0.43261	0.51514	0.5083	0.5125	0.41321	0.67779	0.67453	0.65441	0.57764	0.54957	0.77267	0.72995	0.7207	0.59452	0.62282
1.545	0.42141	0.42757	0.51222	0.50551	0.51154	0.4125	0.67326	0.66959	0.64962	0.57181	0.54571	0.77262	0.72822	0.71789	0.58885	0.61714
1.55	0.41545	0.42315	0.50868	0.5017	0.51031	0.41142	0.6701	0.66543	0.64436	0.56608	0.54276	0.77311	0.72576	0.71418	0.58293	0.61174
1.555	0.40943	0.41807	0.50571	0.49757	0.50824	0.41019	0.66579	0.65945	0.63934	0.56091	0.53901	0.77378	0.7225	0.71167	0.57582	0.60586
1.56	0.40476	0.41301	0.50169	0.49367	0.50627	0.40871	0.66178	0.6553	0.63332	0.55491	0.53509	0.77379	0.71945	0.70878	0.57073	0.60022
1.565	0.39959	0.40736	0.49784	0.48911	0.50346	0.40668	0.65776	0.65118	0.62858	0.54881	0.53156	0.77534	0.71686	0.70436	0.56497	0.59441
1.57	0.39295	0.40131	0.49289	0.48503	0.50092	0.4046	0.65356	0.64637	0.62363	0.54268	0.52703	0.77484	0.71416	0.70195	0.55917	0.58893
1.575	0.38618	0.39512	0.48891	0.47943	0.49767	0.40245	0.64937	0.63931	0.61804	0.53672	0.52277	0.77493	0.71194	0.69923	0.55298	0.58312
1.58	0.38078	0.38901	0.485	0.47429	0.4942	0.39998	0.64545	0.63503	0.61254	0.53077	0.51878	0.77481	0.70929	0.69561	0.54718	0.57761
1.585	0.37446	0.38284	0.47957	0.46986	0.4909	0.3968	0.64067	0.6315	0.60711	0.52422	0.51445	0.77494	0.70639	0.69233	0.5417	0.57203
1.59	0.36808	0.37569	0.47502	0.46433	0.48737	0.39437	0.63716	0.6262	0.60241	0.51861	0.51013	0.77483	0.70369	0.68903	0.53655	0.56641
1.595	0.36178	0.3698	0.47025	0.45805	0.48333	0.3916	0.63302	0.61991	0.59701	0.5125	0.50554	0.7759	0.70119	0.68615	0.53016	0.56087
1.6	0.35533	0.36367	0.46554	0.45262	0.47979	0.38818	0.62854	0.61524	0.59243	0.50696	0.50075	0.77588	0.69825	0.68256	0.52503	0.55574
1.605	0.34941	0.35742	0.45978	0.44761	0.47498	0.38542	0.62413	0.61168	0.58733	0.50018	0.49619	0.77594	0.69586	0.67964	0.51886	0.55027
1.61	0.34404	0.35086	0.45409	0.44216	0.47122	0.38124	0.6203	0.60728	0.58187	0.49438	0.4919	0.77644	0.69342	0.67714	0.51405	0.54492
1.615	0.33742	0.34455	0.44961	0.43629	0.46731	0.3779	0.61597	0.6024	0.5769	0.48814	0.48667	0.77662	0.69094	0.67372	0.50951	0.5398
1.62	0.33144	0.33782	0.44419	0.43041	0.46252	0.37451	0.6122	0.59765	0.57177	0.48265	0.48223	0.77668	0.68875	0.67043	0.5034	0.53438
1.625	0.32514	0.33102	0.43837	0.42423	0.4586	0.37015	0.60784	0.59366	0.56658	0.47643	0.47732	0.77709	0.68551	0.66618	0.49795	0.52911
1.63	0.31851	0.32538	0.43276	0.41789	0.45285	0.36639	0.60272	0.58933	0.56085	0.47094	0.47241	0.77676	0.68254	0.66326	0.49283	0.52337
1.635	0.31221	0.31921	0.42694	0.41222	0.44831	0.36229	0.59912	0.58421	0.5558	0.46469	0.46782	0.77679	0.6799	0.66034	0.48753	0.5181
1.64	0.30605	0.31242	0.42103	0.40688	0.44371	0.35789	0.59536	0.57964	0.55173	0.45892	0.46272	0.77642	0.67756	0.65794	0.48252	0.51352
1.645	0.30022	0.30756	0.41569	0.40083	0.43893	0.35438	0.59092	0.57399	0.54582	0.45353	0.45802	0.77724	0.67486	0.65405	0.47664	0.50919
1.65	0.2943	0.3016	0.41046	0.3949	0.434	0.35045	0.58718	0.57057	0.54196	0.44769	0.45354	0.77788	0.67269	0.65149	0.47307	0.50423
1.655	0.28831	0.29475	0.40487	0.38922	0.42912	0.34551	0.58335	0.56559	0.53714	0.44201	0.44883	0.77726	0.67068	0.64901	0.46806	0.49919
1.66	0.28388	0.28966	0.39916	0.38304	0.42472	0.34123	0.58	0.56034	0.53187	0.43633	0.4436	0.7773	0.66835	0.64597	0.463	0.49488
1.665	0.27797	0.28346	0.39353	0.37735	0.41891	0.33803	0.57539	0.55622	0.5272	0.43067	0.43815	0.77741	0.66682	0.64267	0.45888	0.49072
1.67	0.27268	0.27796	0.38718	0.37209	0.41368	0.33313	0.5716	0.55294	0.52238	0.42522	0.43386	0.77793	0.6649	0.64069	0.4544	0.48522
1.675	0.26713	0.27235	0.38233	0.36561	0.40849	0.32906	0.56767	0.54919	0.51841	0.41992	0.42974	0.7778	0.66275	0.63741	0.44916	0.48177
1.68	0.26223	0.26737	0.37719	0.35946	0.40398	0.3249	0.56378	0.5462	0.51388	0.41483	0.42478	0.77907	0.66024	0.63445	0.44525	0.47748
1.685	0.257	0.26233	0.37173	0.35474	0.39846	0.32023	0.56015	0.54066	0.50981	0.40931	0.41961	0.77974	0.65844	0.63226	0.44139	0.47342
1.69	0.25146	0.25729	0.36648	0.34933	0.39346	0.31502	0.55645	0.53671	0.50508	0.40478	0.41557	0.77821	0.65643	0.62973	0.43788	0.46939
1.695	0.246	0.25204	0.36081	0.34325	0.38803	0.31128	0.55347	0.53265	0.50135	0.39908	0.41104	0.77879	0.6546	0.62714	0.4328	0.46462
1.7	0.24251	0.24893	0.35738	0.33911	0.38497	0.30808	0.55093	0.52996	0.49812	0.39513	0.40716	0.78036	0.65369	0.62592	0.43041	0.46167
1.705	0.23662	0.24219	0.35052	0.33238	0.37865	0.30256	0.54633	0.52549	0.4928	0.38883	0.40184	0.77954	0.6511	0.62298	0.42503	0.45679
1.71	0.2318	0.23634	0.34573	0.32724	0.37371	0.29829	0.54308	0.5226	0.48914	0.38438	0.39763	0.77963	0.64934	0.62018	0.4221	0.45358
1.715	0.22739	0.23241	0.34036	0.32214	0.36884	0.29413	0.53994	0.5179	0.48564	0.37974	0.39303	0.77942	0.64784	0.61835	0.41812	0.44955
1.72	0.22248	0.22781	0.33518	0.3166	0.36389	0.2898	0.5363	0.51375	0.48111	0.37527	0.38807	0.77931	0.64589	0.61566	0.41474	0.44617
1.725	0.21815	0.22346	0.3305	0.3122	0.35941	0.28559	0.53311	0.51084	0.47788	0.3711	0.38392	0.77998	0.64508	0.61446	0.41109	0.44281
1.73	0.21465	0.21902	0.32509	0.30679	0.3547	0.28114	0.53018	0.50779	0.474	0.36588	0.37949	0.77911	0.6427	0.61206	0.4083	0.4394
1.735	0.21	0.21445	0.3198	0.30135	0.34943	0.27649	0.52635	0.5047	0.46954	0.36127	0.37506	0.77975	0.64128	0.60973	0.40457	0.43568
1.74	0.20616	0.2106	0.31508	0.29676	0.34499	0.27229	0.52405	0.50134	0.46614	0.35753	0.37071	0.77969	0.64014	0.60741	0.40149	0.43262
1.745	0.20187	0.20592	0.31031	0.29226	0.34006	0.26837	0.52033	0.497	0.46287	0.35273	0.36634	0.77897	0.63859	0.6057	0.39794	0.42977
1.75	0.19798	0.20059	0.3059	0.28778	0.33562	0.26434	0.51825	0.4945	0.45945	0.34901	0.36214	0.77919	0.63727	0.60448	0.39515	0.4265
1.755	0.19452	0.19756	0.30097	0.28311	0.33109	0.26	0.51514	0.49122	0.45602	0.34481	0.35874	0.77964	0.63645	0.60337	0.39275	0.42431
1.76	0.1911	0.19219	0.29662	0.27866	0.32694	0.25611	0.51306	0.48874	0.45287	0.34084	0.35488	0.77997	0.63601	0.60108	0.39062	0.42142
1.765	0.18714	0.18776	0.29207	0.27408	0.32197	0.25181	0.50953	0.48479	0.44923	0.33605	0.35053	0.7788	0.63369	0.59924	0.38714	0.41838
1.77	0.18344	0.18522	0.28778	0.26958	0.31774	0.24838	0.50755	0.48255	0.44711	0.33297	0.34672	0.78006	0.63354	0.59859	0.38458	0.41582
1.775	0.1801	0.18211	0.28369	0.266	0.31292	0.24472	0.50491	0.48086	0.44442	0.32929	0.34302	0.77984	0.63308	0.59699	0.38295	0.4137
1.78	0.17722	0.1781	0.27929	0.26149	0.30923	0.24106	0.50268	0.47788	0.44101	0.32562	0.33937	0.77883	0.63201	0.59536	0.38045	0.41156
1.785	0.17437	0.17515	0.27565	0.25767	0.30508	0.23785	0.50066	0.47635	0.43862	0.32254	0.33581	0.77983	0.6321	0.59494	0.37845	0.40961
1.79	0.17134	0.17223	0.27168	0.25384	0.30134	0.23401	0.4993	0.47398	0.43657	0.31924	0.33282	0.78026	0.63081	0.59451	0.37689	0.40757
1.795	0.16829	0.16905	0.26755	0.24966	0.29732	0.22945	0.49634	0.47178	0.43353	0.31547	0.32873	0.77959	0.63063	0.59303	0.374	0.40554
1.8	0.16499	0.16609	0.26401	0.24594	0.29325	0.22693	0.49456	0.46978	0.43155	0.31208	0.32556	0.78011	0.63088	0.59177	0.37223	0.40366
1.805	0.16224	0.16306	0.26013	0.24264	0.28943	0.22314	0.49245	0.46831	0.42866	0.30931	0.32214	0.77993	0.63072	0.59167	0.37069	0.40224
1.81	0.15945	0.15876	0.25669	0.2389	0.28514	0.21957	0.49032	0.46606	0.42659	0.30576	0.31846	0.77996	0.63055	0.59109	0.36938	0.40009
1.815	0.1569	0.156	0.25238	0.2351	0.28133	0.21697	0.48864	0.46474	0.42402	0.30311	0.31572	0.77909	0.63043	0.58935	0.36812	0.39864
1.82	0.15377	0.15318	0.24907	0.23144	0.27771	0.21382	0.48702	0.46318	0.42232	0.30017	0.3128	0.77891	0.63004	0.5894	0.36679	0.39725
1.825	0.1512	0.15079	0.24623	0.22894	0.27444	0.21042	0.48588	0.46122	0.42037	0.29738	0.30917	0.7795	0.63029	0.58969	0.36529	0.39617
1.83	0.14932	0.14934	0.24255	0.22516	0.27042	0.20681	0.48446	0.46033	0.4188	0.29531	0.3066	0.77899	0.63131	0.58847	0.36394	0.39533
1.835	0.1464	0.14672	0.23906	0.22228	0.26697	0.20457	0.48334	0.45827	0.4173	0.29285	0.30413	0.7797	0.63203	0.58841	0.36315	0.39443
1.84	0.1447	0.14453	0.23678	0.21975	0.26431	0.20089	0.48286	0.45779	0.41613	0.29028	0.30081	0.78038	0.63269	0.58884	0.3631	0.39376
1.845	0.14244	0.14177	0.23353	0.21651	0.26163	0.19805	0.48207	0.45657	0.41474	0.28789	0.29829	0.77984	0.63302	0.5896	0.36246	0.39334
1.85	0.14157	0.13991	0.23048	0.21383	0.25789	0.19571	0.48154	0.45557	0.41359	0.28577	0.29586	0.77987	0.63383	0.59	0.36171	0.3931
1.855	0.13958	0.13749	0.22813	0.2112	0.2554	0.19235	0.48036	0.45537	0.41262	0.28365	0.29323	0.78019	0.63473	0.58998	0.36133	0.39229
1.86	0.13692	0.13562	0.22453	0.20888	0.25228	0.18974	0.47975	0.45408	0.41116	0.281	0.29092	0.78016	0.6361	0.59036	0.36118	0.39175
1.865	0.13504	0.13357	0.22177	0.20555	0.24887	0.18772	0.47874	0.45205	0.40956	0.27912	0.28828	0.77966	0.63696	0.59041	0.36097	0.39109
1.87	0.13268	0.1317	0.21849	0.2022	0.2454	0.18591	0.47717	0.45169	0.40873	0.27748	0.28666	0.77881	0.63835	0.5905	0.35975	0.39028
1.875	0.13126	0.12987	0.21734	0.20167	0.24475	0.18135	0.47907	0.45201	0.40909	0.2752	0.28376	0.77965	0.63935	0.5938	0.36152	0.39279
1.88	0.12929	0.12786	0.21448	0.19915	0.24154	0.17898	0.47794	0.45178	0.40859	0.27376	0.28175	0.77919	0.63983	0.59385	0.36098	0.39211
1.885	0.12778	0.12603	0.2116	0.19603	0.2378	0.17755	0.47659	0.4505	0.40673	0.27245	0.27947	0.77788	0.64179	0.594	0.36031	0.39119
1.89	0.12655	0.12461	0.20916	0.19319	0.23496	0.17551	0.47629	0.45052	0.40587	0.27095	0.27774	0.7747	0.64229	0.59434	0.36092	0.39118
1.895	0.12521	0.12286	0.2069	0.19115	0.23231	0.17269	0.47617	0.45005	0.4052	0.26915	0.27524	0.77324	0.6423	0.59399	0.3617	0.39131
1.9	0.1232	0.12186	0.20409	0.18867	0.22975	0.17093	0.47577	0.45011	0.40407	0.26755	0.2737	0.77124	0.64242	0.5942	0.36109	0.39124
1.905	0.12265	0.12046	0.20272	0.18796	0.22813	0.16902	0.47697	0.45052	0.40535	0.26602	0.27203	0.77025	0.64359	0.59731	0.36296	0.3932
1.91	0.12076	0.11897	0.2007	0.18604	0.2263	0.16692	0.47736	0.45126	0.40565	0.26598	0.27015	0.77041	0.64623	0.59867	0.36329	0.39451
1.915	0.1198	0.11789	0.1988	0.18389	0.22346	0.16504	0.47803	0.45124	0.40548	0.26438	0.26919	0.76989	0.64887	0.60031	0.36488	0.39532
1.92	0.11859	0.11645	0.19693	0.18205	0.22184	0.16332	0.47843	0.4518	0.40559	0.26358	0.26757	0.77064	0.6523	0.60172	0.36584	0.39731
1.925	0.11769	0.11578	0.19539	0.18091	0.22015	0.16127	0.47983	0.45315	0.40622	0.2636	0.26591	0.7708	0.65494	0.60414	0.36717	0.39842
1.93	0.1168	0.115	0.19325	0.17922	0.21817	0.15922	0.48023	0.45306	0.40639	0.26174	0.26478	0.76915	0.65613	0.60431	0.36812	0.39976
1.935	0.11564	0.11377	0.19185	0.17718	0.21616	0.15803	0.48068	0.45308	0.40693	0.26166	0.26334	0.77008	0.65954	0.60588	0.36958	0.40058
1.94	0.11481	0.11238	0.18986	0.17578	0.21406	0.15596	0.48186	0.45459	0.40693	0.26145	0.26115	0.77168	0.66293	0.60942	0.37134	0.40198
1.945	0.11421	0.11137	0.1892	0.17459	0.21272	0.1549	0.48356	0.45722	0.40951	0.26095	0.26138	0.77222	0.66585	0.61179	0.37374	0.40465
1.95	0.11369	0.11133	0.18719	0.17281	0.211	0.15282	0.4846	0.4566	0.40931	0.26024	0.26016	0.77079	0.66777	0.61284	0.37405	0.40588
1.955	0.11275	0.11043	0.18615	0.1715	0.20884	0.15126	0.48448	0.45775	0.4098	0.25968	0.2595	0.76981	0.66949	0.61457	0.37615	0.40735
1.96	0.11256	0.1095	0.18498	0.17062	0.20751	0.15049	0.48662	0.45968	0.41122	0.25979	0.2585	0.7705	0.67251	0.61679	0.37897	0.40969
1.965	0.11238	0.10883	0.18422	0.16994	0.20619	0.14947	0.48894	0.46255	0.41267	0.26026	0.25842	0.77231	0.67669	0.62001	0.38157	0.41262
1.97	0.11106	0.10869	0.18259	0.1687	0.20479	0.14811	0.49044	0.46391	0.41408	0.25986	0.25753	0.77183	0.67964	0.62259	0.38366	0.41449
1.975	0.11056	0.10775	0.18155	0.16774	0.20386	0.14674	0.4924	0.46564	0.41594	0.25896	0.25706	0.77261	0.68302	0.62593	0.38612	0.41737
1.98	0.11058	0.10788	0.18098	0.16684	0.20294	0.14573	0.4945	0.46824	0.41727	0.26016	0.25624	0.77296	0.68592	0.62863	0.38913	0.42014
1.985	0.11024	0.10773	0.17973	0.16668	0.20182	0.14441	0.49702	0.47053	0.42	0.26053	0.2571	0.77426	0.68943	0.63159	0.39201	0.42397
1.99	0.11047	0.10766	0.17952	0.16595	0.20143	0.1442	0.4995	0.47335	0.42147	0.26105	0.25667	0.77488	0.69298	0.63382	0.39548	0.42721
1.995	0.10995	0.10647	0.17842	0.16499	0.19956	0.14243	0.50102	0.47415	0.42392	0.26095	0.25638	0.77406	0.69568	0.63611	0.39792	0.42957
2	0.10891	0.10641	0.17723	0.16409	0.19871	0.14162	0.50378	0.47698	0.42538	0.26218	0.25561	0.77423	0.6989	0.6393	0.40051	0.43242
2.005	0.10904	0.1065	0.17741	0.16339	0.19833	0.14098	0.50656	0.47989	0.42794	0.26291	0.25626	0.77629	0.70285	0.6431	0.40567	0.43585
2.01	0.10901	0.10525	0.17646	0.16307	0.19761	0.14078	0.50927	0.48236	0.43087	0.26372	0.25588	0.77586	0.70605	0.64746	0.40768	0.44009
2.015	0.10908	0.10564	0.17637	0.1631	0.19686	0.14019	0.51243	0.48587	0.43319	0.26453	0.25678	0.77715	0.71014	0.65111	0.41233	0.44366
2.02	0.10996	0.10585	0.17622	0.16274	0.19668	0.13943	0.51577	0.48887	0.4358	0.26581	0.25666	0.77778	0.71367	0.65413	0.41584	0.44772
2.025	0.11031	0.106	0.17604	0.16261	0.19604	0.13872	0.51852	0.4919	0.43902	0.26679	0.25686	0.77797	0.71773	0.65698	0.42044	0.45195
2.03	0.11005	0.10576	0.17527	0.16207	0.1957	0.13763	0.52113	0.49443	0.44133	0.2687	0.2577	0.77802	0.72031	0.66052	0.42407	0.45553
2.035	0.11068	0.10562	0.17532	0.16206	0.19534	0.13784	0.52479	0.49769	0.44429	0.26927	0.25818	0.77797	0.72326	0.6641	0.4276	0.45986
2.04	0.11053	0.10572	0.17517	0.16225	0.1948	0.13705	0.52771	0.50058	0.44749	0.27082	0.25894	0.77952	0.72707	0.6674	0.43231	0.46423
2.045	0.11099	0.10561	0.17476	0.16185	0.19471	0.1366	0.53105	0.50457	0.45113	0.27207	0.25957	0.77869	0.72975	0.6701	0.43667	0.46891
2.05	0.1112	0.10641	0.17499	0.16208	0.19455	0.13656	0.53446	0.50791	0.4536	0.27402	0.26003	0.77897	0.73302	0.67369	0.44011	0.47257
2.055	0.11198	0.10661	0.17536	0.16205	0.19475	0.1367	0.5379	0.51174	0.45815	0.27601	0.26146	0.77994	0.73687	0.67756	0.44494	0.47788
2.06	0.11229	0.10734	0.17562	0.16201	0.19443	0.13635	0.54131	0.515	0.46156	0.27811	0.26201	0.78007	0.74025	0.68101	0.4504	0.48224
2.065	0.1128	0.10757	0.17579	0.16265	0.19452	0.1365	0.54434	0.51897	0.46474	0.27984	0.26324	0.77975	0.74279	0.68403	0.45522	0.48683
2.07	0.11382	0.10948	0.17632	0.16283	0.19494	0.136	0.54751	0.52304	0.4685	0.28215	0.26458	0.78016	0.74611	0.6877	0.45993	0.49224
2.075	0.11451	0.10982	0.17649	0.16393	0.19509	0.1361	0.55249	0.52706	0.47241	0.28392	0.26633	0.78155	0.74993	0.69174	0.46524	0.49754
2.08	0.11491	0.10969	0.17707	0.16428	0.19556	0.13624	0.55611	0.53068	0.47613	0.28604	0.26772	0.78018	0.75196	0.6944	0.46985	0.5024
2.085	0.11601	0.11036	0.17741	0.16477	0.19561	0.13614	0.55976	0.53599	0.48014	0.28827	0.26862	0.78124	0.75563	0.69843	0.47539	0.50671
2.09	0.11733	0.11139	0.17884	0.16529	0.19625	0.13659	0.56299	0.53933	0.4849	0.2913	0.2708	0.7802	0.75864	0.70118	0.48067	0.51268
2.095	0.11849	0.11205	0.1795	0.16597	0.19699	0.13684	0.56728	0.54307	0.4891	0.29431	0.27211	0.78172	0.76158	0.70433	0.48626	0.51779
2.1	0.11878	0.11306	0.18029	0.16738	0.19762	0.13716	0.57151	0.54769	0.49366	0.29689	0.2739	0.78167	0.76454	0.70884	0.49234	0.52405
2.105	0.12027	0.11409	0.18101	0.16783	0.19866	0.13782	0.57671	0.55259	0.49827	0.29991	0.2761	0.7814	0.76787	0.71265	0.49794	0.52914
2.11	0.12157	0.11472	0.1826	0.16874	0.19913	0.13853	0.5799	0.55643	0.50304	0.30354	0.27831	0.78214	0.77111	0.71589	0.50333	0.53529
2.115	0.12252	0.11586	0.18332	0.16976	0.19983	0.13907	0.5849	0.56103	0.50741	0.3058	0.27987	0.78219	0.77352	0.71873	0.50922	0.54065
2.12	0.12389	0.11757	0.18402	0.171	0.20062	0.13919	0.58876	0.5655	0.51208	0.30968	0.28244	0.78232	0.77579	0.72187	0.51453	0.5464
2.125	0.12595	0.119	0.18546	0.17197	0.20174	0.14032	0.59383	0.57061	0.51722	0.31373	0.28523	0.7825	0.77918	0.72595	0.52151	0.55335
2.13	0.12672	0.12018	0.18721	0.1725	0.20277	0.14054	0.5977	0.57556	0.52188	0.31617	0.28781	0.78241	0.78116	0.72846	0.52676	0.55831
2.135	0.12829	0.12157	0.1886	0.17405	0.20444	0.14192	0.60147	0.58102	0.52693	0.32055	0.29038	0.78205	0.78454	0.73224	0.53284	0.56472
2.14	0.13018	0.12338	0.18975	0.17552	0.20522	0.14276	0.60532	0.58504	0.53129	0.32306	0.29268	0.78176	0.78564	0.73442	0.53807	0.5691
2.145	0.13237	0.12523	0.1915	0.17729	0.20651	0.14355	0.6103	0.59022	0.53717	0.32816	0.29572	0.78376	0.78841	0.73747	0.54497	0.57566
2.15	0.1342	0.1261	0.19314	0.17857	0.20804	0.14441	0.61396	0.59485	0.54121	0.33177	0.29823	0.78265	0.79014	0.74011	0.5505	0.58153
2.155	0.1361	0.12776	0.19435	0.18038	0.20954	0.14517	0.61895	0.59897	0.5464	0.33562	0.30123	0.7831	0.79207	0.74347	0.5556	0.58804
2.16	0.13866	0.12961	0.19694	0.18192	0.21129	0.14675	0.62252	0.60326	0.55229	0.33992	0.30499	0.7829	0.79464	0.74605	0.56249	0.59403
2.165	0.14106	0.13156	0.19826	0.18341	0.21303	0.14779	0.62689	0.60746	0.55617	0.34355	0.30819	0.78214	0.79589	0.74858	0.56852	0.59897
2.17	0.14337	0.13353	0.20069	0.18545	0.21497	0.14889	0.63137	0.61277	0.56194	0.34875	0.31154	0.78343	0.79806	0.7524	0.57461	0.60481
2.175	0.14573	0.1353	0.20291	0.18749	0.21658	0.15041	0.63575	0.61664	0.56635	0.35327	0.31476	0.78285	0.79834	0.75364	0.58032	0.61028
2.18	0.14825	0.13841	0.2054	0.18915	0.2182	0.15236	0.6383	0.62114	0.57177	0.35769	0.31805	0.78186	0.79902	0.75559	0.58561	0.61533
2.185	0.15122	0.14034	0.20681	0.19133	0.22021	0.15327	0.64264	0.62656	0.57687	0.36247	0.32137	0.78093	0.79945	0.75827	0.59144	0.62163
2.19	0.15375	0.14348	0.20992	0.19378	0.22279	0.15498	0.64672	0.63147	0.58205	0.36811	0.32587	0.78136	0.80166	0.76159	0.59828	0.62722
2.195	0.15635	0.14582	0.21228	0.19636	0.22536	0.15721	0.65093	0.63621	0.58717	0.37285	0.32862	0.78073	0.80178	0.7646	0.60315	0.63231
2.2	0.15936	0.14761	0.21496	0.19848	0.22764	0.15917	0.65399	0.63947	0.59183	0.37738	0.33249	0.77885	0.80064	0.76566	0.60827	0.63745
2.205	0.16251	0.15066	0.21807	0.20101	0.23034	0.16089	0.65824	0.64462	0.59726	0.38328	0.33718	0.77888	0.80159	0.76854	0.61491	0.64265
2.21	0.16597	0.15415	0.22058	0.20383	0.2323	0.16283	0.66206	0.64849	0.60135	0.38788	0.34109	0.77866	0.79986	0.76987	0.62019	0.6473
2.215	0.16912	0.1572	0.22355	0.20648	0.23541	0.1645	0.66622	0.65299	0.60673	0.39319	0.34468	0.77799	0.80029	0.77205	0.62548	0.65298
2.22	0.17168	0.15956	0.22692	0.20939	0.23791	0.16694	0.66979	0.65922	0.6119	0.399	0.34933	0.77913	0.80051	0.77524	0.63195	0.65817
2.225	0.17542	0.16307	0.23025	0.21235	0.24124	0.16886	0.67291	0.66217	0.61703	0.404	0.3543	0.77823	0.80136	0.77617	0.63614	0.6637
2.23	0.17961	0.16636	0.23362	0.21499	0.24427	0.17134	0.67628	0.66683	0.622	0.40974	0.35874	0.77823	0.80295	0.7774	0.64181	0.66868
2.235	0.18366	0.16971	0.23664	0.21909	0.24705	0.17405	0.67929	0.6703	0.62689	0.41515	0.36299	0.77705	0.80344	0.77814	0.6474	0.67373
2.24	0.1873	0.17338	0.24059	0.22231	0.25022	0.17652	0.68352	0.67506	0.63191	0.42147	0.36755	0.77754	0.80507	0.78041	0.65431	0.67797
2.245	0.19086	0.17788	0.24471	0.22644	0.2542	0.17915	0.68808	0.68099	0.63785	0.42757	0.37265	0.77744	0.8067	0.78394	0.65965	0.68431
2.25	0.19496	0.18087	0.24831	0.2298	0.25769	0.18164	0.69117	0.6843	0.64165	0.43319	0.37721	0.7769	0.80675	0.78467	0.66436	0.68827
2.255	0.19919	0.18527	0.25297	0.23353	0.26113	0.18471	0.69389	0.6891	0.64727	0.43901	0.38187	0.77671	0.80729	0.78529	0.66927	0.6937
2.26	0.20445	0.19008	0.25662	0.23779	0.26533	0.18764	0.69778	0.69347	0.65189	0.44492	0.38749	0.77792	0.80888	0.78692	0.67543	0.69823
2.265	0.2083	0.19384	0.26016	0.24157	0.26838	0.19098	0.70063	0.69604	0.65695	0.4504	0.39293	0.77651	0.80923	0.78794	0.67913	0.70295
2.27	0.21305	0.19868	0.26468	0.24602	0.2726	0.19417	0.70376	0.70103	0.66158	0.45729	0.39796	0.77791	0.81013	0.78965	0.6851	0.70787
2.275	0.21785	0.20291	0.26947	0.25021	0.27658	0.19656	0.70704	0.70569	0.66678	0.46308	0.40335	0.77828	0.81152	0.79182	0.69032	0.71357
2.28	0.2227	0.20835	0.27411	0.25472	0.28101	0.20037	0.71019	0.70975	0.67057	0.46894	0.40838	0.77843	0.81298	0.79276	0.69496	0.717
2.285	0.2279	0.21287	0.27877	0.25926	0.28574	0.20348	0.71303	0.7147	0.67658	0.4752	0.41455	0.7784	0.8141	0.79361	0.70007	0.72168
2.29	0.23265	0.21767	0.28295	0.26305	0.28999	0.20809	0.71539	0.71686	0.68094	0.48165	0.41911	0.77836	0.81437	0.79412	0.70417	0.72577
2.295	0.23786	0.2226	0.28797	0.26874	0.29394	0.21126	0.71884	0.72208	0.68508	0.48742	0.42513	0.77818	0.81464	0.79563	0.70822	0.72966
2.3	0.2428	0.22819	0.29333	0.27307	0.29828	0.21465	0.72088	0.72489	0.68931	0.49329	0.43022	0.7782	0.81559	0.79618	0.71271	0.73257
2.305	0.24845	0.23327	0.29764	0.27733	0.30366	0.21831	0.72345	0.7294	0.69353	0.49841	0.43586	0.77871	0.81737	0.79766	0.71729	0.73669
2.31	0.25419	0.23869	0.30239	0.28281	0.30833	0.22203	0.72643	0.7316	0.69804	0.50508	0.44162	0.77902	0.81835	0.79868	0.72148	0.74189
2.315	0.26008	0.24404	0.308	0.28775	0.31319	0.22563	0.7293	0.7366	0.70244	0.51204	0.44723	0.77973	0.8188	0.79921	0.72633	0.74555
2.32	0.26464	0.24829	0.31292	0.29238	0.31744	0.22991	0.73136	0.73971	0.70523	0.51642	0.45237	0.77935	0.82041	0.80057	0.73065	0.74936
2.325	0.27079	0.25421	0.31875	0.29821	0.32243	0.23351	0.73384	0.74297	0.70987	0.52261	0.45847	0.78012	0.82235	0.80229	0.73444	0.75349
2.33	0.27784	0.25978	0.3238	0.30321	0.32767	0.23836	0.73655	0.7471	0.71445	0.52949	0.46378	0.78006	0.82396	0.80262	0.73945	0.75725
2.335	0.28373	0.26559	0.32942	0.30824	0.3331	0.24229	0.73835	0.75075	0.71728	0.53512	0.46934	0.78078	0.82431	0.80263	0.74213	0.76054
2.34	0.28845	0.2712	0.33509	0.31416	0.33814	0.24705	0.74046	0.75366	0.72237	0.54053	0.47479	0.78125	0.82581	0.80444	0.74539	0.76497
2.345	0.29459	0.27775	0.34071	0.31936	0.3434	0.25025	0.74241	0.757	0.72619	0.54667	0.4809	0.78121	0.82728	0.80509	0.75034	0.76788
2.35	0.30079	0.28496	0.34596	0.32445	0.348	0.25524	0.74462	0.75988	0.72877	0.55169	0.48536	0.78126	0.82726	0.80446	0.75323	0.77049
2.355	0.30623	0.2898	0.35124	0.33018	0.3534	0.25894	0.74558	0.76195	0.73163	0.55734	0.48986	0.7806	0.82731	0.80445	0.75565	0.77259
2.36	0.31317	0.29448	0.35693	0.33597	0.35875	0.26342	0.74804	0.76445	0.73552	0.56356	0.49597	0.7811	0.82775	0.806	0.75891	0.77589
2.365	0.31908	0.30042	0.36222	0.34138	0.36413	0.268	0.74915	0.76584	0.73726	0.56822	0.50025	0.78063	0.82674	0.80471	0.76026	0.77749
2.37	0.32585	0.30715	0.36821	0.34728	0.36955	0.27152	0.75073	0.76915	0.74081	0.57361	0.50603	0.78134	0.82726	0.80504	0.76386	0.7807
2.375	0.33147	0.31302	0.37381	0.35265	0.37573	0.27636	0.75315	0.77099	0.74381	0.57937	0.51061	0.78137	0.8288	0.80628	0.76613	0.78297
2.38	0.33781	0.32025	0.37808	0.35814	0.38046	0.28064	0.75335	0.77287	0.74529	0.58285	0.51454	0.77958	0.82686	0.80555	0.76847	0.7832
2.385	0.34459	0.32698	0.38582	0.36445	0.38671	0.28603	0.75593	0.77668	0.75103	0.58967	0.52208	0.78178	0.82958	0.80818	0.77281	0.78866
2.39	0.35084	0.33162	0.39068	0.36989	0.39132	0.28973	0.75624	0.77757	0.75175	0.59288	0.52555	0.78029	0.82904	0.80755	0.77358	0.78991
2.395	0.35635	0.3378	0.39629	0.37549	0.39682	0.29481	0.75821	0.78091	0.75536	0.59859	0.53113	0.78151	0.83016	0.80977	0.77762	0.79159
2.4	0.36287	0.34338	0.40129	0.38147	0.40238	0.29861	0.75954	0.78117	0.75734	0.60314	0.53541	0.78024	0.82852	0.80958	0.77831	0.79268
2.405	0.36855	0.35055	0.40832	0.38716	0.4076	0.30355	0.76038	0.78437	0.75939	0.60815	0.54036	0.78062	0.82808	0.8084	0.7804	0.79528
2.41	0.37491	0.35673	0.41314	0.39299	0.41346	0.30791	0.76119	0.78588	0.76152	0.61371	0.54488	0.78106	0.82794	0.80901	0.78173	0.79624
2.415	0.38015	0.36337	0.41805	0.39779	0.4181	0.31225	0.7618	0.78786	0.76266	0.61665	0.54874	0.78083	0.82828	0.80951	0.78309	0.79642
2.42	0.38605	0.3686	0.42429	0.40343	0.42345	0.31738	0.76288	0.79007	0.76553	0.61904	0.55339	0.77963	0.82695	0.80976	0.78711	0.79903
2.425	0.39191	0.37424	0.42879	0.4097	0.42871	0.31998	0.76302	0.79014	0.76674	0.62471	0.55689	0.77955	0.82559	0.80975	0.78796	0.79982
2.43	0.39715	0.38046	0.4349	0.4151	0.43431	0.3247	0.7644	0.79124	0.76902	0.6277	0.56158	0.77973	0.82524	0.80967	0.7883	0.80178
2.435	0.40258	0.38607	0.44009	0.42005	0.43839	0.32841	0.76529	0.79269	0.77009	0.63101	0.56483	0.77907	0.82419	0.80895	0.78878	0.8021
2.44	0.40876	0.39038	0.44598	0.42567	0.44372	0.33247	0.76613	0.79296	0.77169	0.63389	0.56884	0.77796	0.8243	0.80966	0.78923	0.80311
2.445	0.41366	0.39616	0.44983	0.43056	0.44793	0.33713	0.7661	0.79388	0.77173	0.63788	0.57265	0.77724	0.82255	0.80808	0.78932	0.80206
2.45	0.41925	0.4007	0.45489	0.43667	0.45331	0.3408	0.76594	0.79453	0.77376	0.64161	0.5764	0.77699	0.82191	0.80689	0.79039	0.80271
2.455	0.42399	0.40539	0.4587	0.43975	0.45775	0.34409	0.76592	0.79607	0.7738	0.6439	0.57924	0.77581	0.81914	0.80714	0.79041	0.80164
2.46	0.42868	0.41008	0.46364	0.44375	0.46147	0.34892	0.76583	0.79571	0.77445	0.64653	0.58332	0.77391	0.81828	0.80609	0.78984	0.80217
2.465	0.43376	0.41441	0.46791	0.44955	0.4658	0.3522	0.76586	0.7977	0.77547	0.64952	0.58577	0.77419	0.81544	0.80551	0.79134	0.8026
2.47	0.43874	0.41926	0.47174	0.45368	0.46986	0.35534	0.76637	0.79633	0.7746	0.65272	0.5888	0.77256	0.81575	0.8054	0.79025	0.80088
2.475	0.44362	0.42347	0.47748	0.45836	0.47488	0.35958	0.76638	0.79831	0.77636	0.65496	0.59267	0.77331	0.81495	0.80646	0.79275	0.80292
2.48	0.44885	0.43084	0.4818	0.46356	0.47998	0.36452	0.76606	0.7996	0.77821	0.65906	0.59709	0.77382	0.81499	0.80633	0.79185	0.80454
2.485	0.45194	0.4345	0.48408	0.46571	0.48274	0.36615	0.76624	0.79765	0.77638	0.6591	0.59679	0.77126	0.81283	0.80312	0.78998	0.80159
2.49	0.45494	0.43801	0.48822	0.47056	0.48597	0.36966	0.76572	0.79714	0.77578	0.66033	0.59906	0.7701	0.81079	0.80239	0.78914	0.79968
2.495	0.46047	0.44255	0.49246	0.4754	0.49032	0.37318	0.76655	0.79897	0.77809	0.66341	0.60271	0.77103	0.81115	0.80364	0.79071	0.80167
2.5	0.46262	0.44447	0.49459	0.47813	0.49323	0.37523	0.76407	0.79512	0.77476	0.66126	0.60263	0.76819	0.8072	0.80063	0.78713	0.79773
2.505	0.46611	0.44839	0.49808	0.48155	0.49656	0.37844	0.76375	0.79412	0.77536	0.66474	0.60465	0.76726	0.80436	0.79946	0.78678	0.79689
2.51	0.46932	0.45298	0.50297	0.48506	0.49999	0.38158	0.76319	0.79607	0.77635	0.6665	0.60733	0.76607	0.80426	0.80029	0.78698	0.79763
2.515	0.47293	0.45574	0.50452	0.4887	0.50354	0.38316	0.76339	0.79581	0.77602	0.6674	0.60912	0.76564	0.80178	0.79933	0.78592	0.79696
2.52	0.47667	0.45961	0.50947	0.49226	0.50711	0.38669	0.76359	0.79601	0.77596	0.66856	0.61091	0.76531	0.79898	0.79881	0.78544	0.79664
2.525	0.48035	0.46221	0.51249	0.49591	0.51055	0.38919	0.76388	0.79628	0.77651	0.66969	0.61383	0.76519	0.7998	0.79887	0.78537	0.79677
2.53	0.48431	0.4663	0.5154	0.50021	0.51446	0.392	0.76459	0.79736	0.77747	0.6723	0.61664	0.76554	0.79839	0.79825	0.78639	0.79739
2.535	0.48798	0.47003	0.51933	0.50345	0.51756	0.39409	0.76496	0.79796	0.7779	0.67477	0.61715	0.7657	0.79838	0.79938	0.78655	0.79732
2.54	0.49152	0.47414	0.52351	0.50756	0.52137	0.39789	0.76558	0.79865	0.77877	0.67712	0.62075	0.76609	0.79849	0.80005	0.78759	0.79803
2.545	0.49502	0.47607	0.52585	0.51252	0.52593	0.40004	0.76687	0.80062	0.78086	0.67839	0.62291	0.76714	0.79939	0.80147	0.78982	0.80004
2.55	0.49742	0.4801	0.52966	0.51428	0.52756	0.40143	0.7664	0.80003	0.77965	0.6801	0.62362	0.76684	0.79906	0.80021	0.78841	0.79864
2.555	0.50018	0.48529	0.53553	0.51718	0.53039	0.39862	0.76667	0.8001	0.78024	0.68175	0.62419	0.76667	0.79858	0.80068	0.78829	0.79884
2.56	0.50293	0.48441	0.53093	0.52068	0.53368	0.40835	0.76701	0.80076	0.78097	0.68145	0.62575	0.76701	0.79975	0.80063	0.78895	0.79975
2.565	0.50522	0.48907	0.53828	0.52257	0.53577	0.40594	0.76676	0.80045	0.78062	0.68173	0.62728	0.76688	0.79862	0.80022	0.78801	0.79914
2.57	0.50752	0.49066	0.54166	0.52435	0.53759	0.40857	0.76656	0.79946	0.77996	0.68381	0.63014	0.76678	0.79689	0.79917	0.78672	0.79787
2.575	0.50991	0.49272	0.54065	0.52661	0.54027	0.41119	0.76697	0.79982	0.78055	0.68333	0.63208	0.76694	0.79734	0.79971	0.78693	0.79779
2.58	0.51232	0.4966	0.54595	0.53	0.54372	0.41634	0.76735	0.8008	0.78128	0.68638	0.63261	0.7675	0.79809	0.80018	0.78775	0.79842
2.585	0.51428	0.49703	0.54072	0.53129	0.54481	0.41609	0.7671	0.80042	0.78007	0.68613	0.63318	0.76767	0.79855	0.8005	0.78633	0.79676
2.59	0.51753	0.50235	0.55252	0.53616	0.54953	0.41673	0.76875	0.80177	0.78215	0.6892	0.63471	0.76948	0.79639	0.80138	0.78822	0.79905
2.595	0.52056	0.50236	0.54889	0.54125	0.55398	0.41947	0.76982	0.8035	0.78344	0.68955	0.63579	0.77098	0.79829	0.80324	0.78987	0.80101
2.6	0.5232	0.50731	0.56255	0.5462	0.5586	0.42329	0.7711	0.80601	0.78931	0.69185	0.63733	0.7725	0.79525	0.80455	0.79211	0.80364
