0.3	0.06076	0.03391	0.14476	0.04379	0.58758	0.05884	0.75978	0.07179	0.13368	0.05672	0.88049	0.05346	0.09524
0.305	0.05396	0.03463	0.12209	0.04164	0.58965	0.04899	0.76555	0.06704	0.11254	0.04886	0.88025	0.04406	0.0905
0.31	0.05369	0.03363	0.10384	0.03918	0.58903	0.04191	0.77047	0.06463	0.10051	0.04799	0.88598	0.03728	0.08686
0.315	0.05262	0.03176	0.09371	0.03764	0.58259	0.03863	0.76992	0.06365	0.08869	0.04665	0.89016	0.03776	0.08749
0.32	0.05061	0.03155	0.07998	0.03771	0.59078	0.03976	0.7758	0.06726	0.07734	0.0465	0.89615	0.03685	0.09236
0.325	0.04821	0.03356	0.07271	0.03792	0.59153	0.03898	0.78145	0.07258	0.07288	0.04605	0.90066	0.03507	0.09595
0.33	0.04626	0.03466	0.06709	0.03972	0.59041	0.03769	0.78502	0.07805	0.07151	0.04819	0.9071	0.03623	0.10431
0.335	0.04737	0.03638	0.06857	0.04146	0.59154	0.04097	0.78439	0.08482	0.07015	0.04993	0.90968	0.03718	0.11301
0.34	0.04543	0.03878	0.0682	0.04596	0.59365	0.04434	0.78721	0.09284	0.07187	0.05455	0.91845	0.03985	0.1231
0.345	0.04753	0.04199	0.0681	0.05125	0.59489	0.0489	0.78833	0.10318	0.07418	0.05966	0.91972	0.04098	0.13538
0.35	0.04513	0.04563	0.05904	0.05785	0.5952	0.05456	0.791	0.11358	0.06962	0.06809	0.92116	0.04443	0.14967
0.355	0.04254	0.05123	0.0524	0.06775	0.59685	0.0636	0.79243	0.12536	0.06754	0.07823	0.92563	0.04856	0.16769
0.36	0.04302	0.0587	0.05209	0.08111	0.59808	0.0758	0.79423	0.14094	0.07138	0.09334	0.92824	0.05474	0.19
0.365	0.04329	0.06816	0.05721	0.09841	0.59846	0.09129	0.79531	0.15762	0.07981	0.11294	0.93002	0.06309	0.21456
0.37	0.04507	0.07884	0.06611	0.11988	0.59948	0.11199	0.79681	0.17491	0.09171	0.13703	0.93244	0.07396	0.24121
0.375	0.04742	0.08985	0.07864	0.14261	0.59876	0.13528	0.79841	0.19244	0.10692	0.16271	0.9346	0.08806	0.26919
0.38	0.04962	0.10069	0.09458	0.16519	0.59978	0.16007	0.79868	0.20906	0.12328	0.18906	0.93469	0.10366	0.29682
0.385	0.05271	0.11033	0.11199	0.18699	0.60032	0.18448	0.7984	0.22615	0.13994	0.21466	0.9402	0.11985	0.32388
0.39	0.05586	0.11936	0.13137	0.2066	0.60058	0.20692	0.79767	0.24246	0.15713	0.23728	0.93962	0.13609	0.34925
0.395	0.05913	0.12756	0.14935	0.22496	0.60068	0.22675	0.79895	0.25741	0.17311	0.25815	0.94051	0.15089	0.37057
0.4	0.06225	0.13619	0.16898	0.24649	0.60018	0.25176	0.80164	0.27127	0.18826	0.28292	0.94129	0.16697	0.39569
0.405	0.06539	0.14365	0.192	0.265	0.59979	0.27288	0.8002	0.28469	0.20534	0.30557	0.9434	0.18365	0.41787
0.41	0.06879	0.15019	0.20868	0.27865	0.59943	0.289	0.80185	0.29735	0.21929	0.3205	0.94278	0.19603	0.43563
0.415	0.07169	0.15633	0.22162	0.29158	0.60052	0.30144	0.80008	0.30958	0.23059	0.33362	0.94389	0.20684	0.44888
0.42	0.07528	0.16081	0.2341	0.30105	0.60039	0.31288	0.80169	0.32285	0.24094	0.344	0.94311	0.21641	0.46206
0.425	0.07713	0.16129	0.24208	0.29994	0.6013	0.31739	0.80142	0.33338	0.24887	0.34655	0.94554	0.22124	0.46934
0.43	0.07904	0.16229	0.24161	0.29937	0.60178	0.31535	0.80313	0.3434	0.25373	0.34474	0.9456	0.22143	0.47048
0.435	0.07981	0.16643	0.24171	0.30763	0.60116	0.31747	0.80202	0.35118	0.25547	0.35127	0.94859	0.2219	0.47205
0.44	0.08199	0.16905	0.24744	0.31368	0.60156	0.32281	0.80363	0.3585	0.26079	0.35851	0.94963	0.22582	0.4792
0.445	0.08271	0.17011	0.25466	0.31775	0.60198	0.32879	0.80298	0.36366	0.26701	0.36459	0.95031	0.23108	0.48433
0.45	0.0839	0.1715	0.26114	0.32049	0.60165	0.33345	0.80412	0.37049	0.27304	0.36865	0.95187	0.2359	0.48952
0.455	0.08465	0.17383	0.26513	0.32517	0.60197	0.33771	0.80291	0.37427	0.27801	0.37274	0.95216	0.2396	0.49403
0.46	0.0865	0.1773	0.27495	0.33394	0.60187	0.34546	0.804	0.38094	0.28415	0.3805	0.95227	0.24622	0.50234
0.465	0.08833	0.1791	0.28041	0.33644	0.60197	0.34839	0.80345	0.38644	0.28965	0.38419	0.95396	0.24891	0.50484
0.47	0.08901	0.1804	0.27673	0.33775	0.60253	0.34857	0.80593	0.39118	0.2901	0.38492	0.95486	0.24865	0.50691
0.475	0.09058	0.18194	0.27618	0.3412	0.60303	0.35025	0.80586	0.39741	0.29182	0.38803	0.95639	0.24995	0.51095
0.48	0.09201	0.18204	0.27495	0.33993	0.60269	0.35115	0.80604	0.40277	0.29344	0.38775	0.95541	0.25088	0.51324
0.485	0.09416	0.18354	0.28197	0.34404	0.60377	0.35624	0.8058	0.40951	0.29963	0.39229	0.95877	0.25555	0.51822
0.49	0.09596	0.18697	0.29192	0.35269	0.60246	0.36511	0.807	0.41691	0.30581	0.3998	0.95733	0.26347	0.52735
0.495	0.09948	0.19289	0.31322	0.3686	0.60351	0.38086	0.8061	0.42492	0.31718	0.41495	0.9596	0.2763	0.54073
0.5	0.10199	0.19323	0.32328	0.36852	0.60261	0.38383	0.80759	0.43072	0.32201	0.41435	0.95943	0.27983	0.54437
0.505	0.10254	0.18054	0.30391	0.33025	0.60318	0.35732	0.80672	0.43034	0.31502	0.37674	0.96033	0.26199	0.52042
0.51	0.1013	0.18908	0.25984	0.34269	0.60303	0.345	0.80819	0.43259	0.29545	0.3726	0.96023	0.24847	0.50684
0.515	0.10864	0.201	0.29219	0.3853	0.60345	0.38124	0.80687	0.44503	0.30834	0.41149	0.96013	0.27468	0.54333
0.52	0.11501	0.20756	0.33623	0.40849	0.60256	0.4171	0.80903	0.45469	0.33293	0.44111	0.95956	0.30433	0.5702
0.525	0.11878	0.21025	0.35956	0.41818	0.60363	0.43303	0.80782	0.45924	0.34602	0.45256	0.96179	0.31978	0.58376
0.53	0.12257	0.21176	0.37199	0.42297	0.6029	0.44333	0.80964	0.46511	0.3533	0.45725	0.96143	0.32916	0.59215
0.535	0.12505	0.21195	0.37946	0.42454	0.60383	0.44834	0.80831	0.46877	0.35732	0.45794	0.9619	0.33489	0.59591
0.54	0.1275	0.21043	0.38	0.41993	0.60288	0.44688	0.80871	0.47175	0.35962	0.45216	0.9615	0.33505	0.5957
0.545	0.12793	0.20758	0.37112	0.41032	0.60313	0.43896	0.80813	0.47283	0.3561	0.4412	0.96137	0.32916	0.58878
0.55	0.12869	0.20733	0.35847	0.40845	0.60316	0.43296	0.80871	0.47413	0.35152	0.43505	0.96207	0.3236	0.58358
0.555	0.13151	0.21101	0.36331	0.4217	0.60366	0.44334	0.80904	0.47853	0.35318	0.4455	0.96307	0.3304	0.59321
0.56	0.13518	0.21483	0.3857	0.43768	0.60296	0.46394	0.81036	0.48385	0.36385	0.46029	0.9621	0.34742	0.61025
0.565	0.13868	0.21773	0.40649	0.44784	0.60321	0.48083	0.80968	0.48708	0.37394	0.47163	0.96321	0.36194	0.62113
0.57	0.14102	0.21947	0.42159	0.45644	0.6011	0.49356	0.81048	0.49018	0.38048	0.47883	0.96264	0.3723	0.62974
0.575	0.14353	0.22095	0.43144	0.46322	0.60328	0.50292	0.80991	0.49315	0.38514	0.4842	0.96348	0.37921	0.63489
0.58	0.14513	0.22193	0.43979	0.46802	0.60235	0.51008	0.81105	0.49476	0.38765	0.48785	0.96348	0.38482	0.64017
0.585	0.14706	0.22277	0.44596	0.47293	0.60357	0.51592	0.8108	0.49662	0.39131	0.49073	0.96454	0.3887	0.6435
0.59	0.14814	0.22362	0.45078	0.47617	0.60226	0.52105	0.81214	0.49798	0.39228	0.49242	0.96348	0.39177	0.64598
0.595	0.14958	0.22384	0.45441	0.47883	0.60338	0.5245	0.81089	0.49984	0.39458	0.49418	0.96512	0.39436	0.64843
0.6	0.14992	0.22454	0.4575	0.48172	0.60203	0.5283	0.81258	0.50067	0.39489	0.49455	0.96419	0.39565	0.64839
0.605	0.15098	0.2248	0.45946	0.48324	0.6027	0.53076	0.81202	0.50141	0.39673	0.49538	0.96422	0.39655	0.65118
0.61	0.15162	0.22473	0.46198	0.48525	0.60219	0.53373	0.81303	0.50303	0.397	0.49566	0.96446	0.39817	0.65211
0.615	0.15195	0.22499	0.46347	0.48618	0.60236	0.53505	0.8126	0.50389	0.39748	0.49623	0.96543	0.39879	0.65356
0.62	0.15275	0.22471	0.46515	0.4877	0.60203	0.53736	0.81241	0.50496	0.39864	0.49603	0.96354	0.39961	0.65383
0.625	0.15303	0.22536	0.46634	0.48917	0.60262	0.53881	0.81214	0.50551	0.3993	0.49598	0.96494	0.40005	0.65497
0.63	0.15364	0.2257	0.46724	0.49064	0.6022	0.53934	0.81236	0.50654	0.39974	0.4956	0.96395	0.3999	0.65418
0.635	0.15389	0.22549	0.46817	0.49132	0.60241	0.53998	0.81237	0.50775	0.40003	0.4955	0.96503	0.4001	0.65553
0.64	0.15463	0.22561	0.46901	0.49143	0.60229	0.54059	0.81247	0.50848	0.39976	0.49482	0.96446	0.39906	0.65489
0.645	0.15451	0.22563	0.46962	0.49177	0.60214	0.54129	0.81274	0.50866	0.39975	0.49419	0.96438	0.39857	0.65548
0.65	0.15511	0.22538	0.46983	0.49094	0.6017	0.54076	0.81215	0.50883	0.4005	0.49279	0.96432	0.39782	0.65416
0.655	0.15464	0.22496	0.46966	0.49078	0.60211	0.54064	0.81253	0.50823	0.39977	0.49222	0.96506	0.39634	0.65455
0.66	0.15513	0.22508	0.46926	0.49061	0.60134	0.54044	0.81296	0.50787	0.40014	0.49127	0.96434	0.39477	0.65289
0.665	0.15428	0.2249	0.46964	0.49061	0.60169	0.53974	0.81293	0.50784	0.39888	0.4901	0.96523	0.39199	0.65298
0.67	0.15478	0.2242	0.47018	0.48936	0.60156	0.53966	0.81342	0.50797	0.39909	0.48884	0.96508	0.39153	0.65202
0.675	0.15438	0.22404	0.46948	0.48886	0.6013	0.53906	0.81388	0.50872	0.39893	0.48797	0.96501	0.38917	0.65107
0.68	0.15453	0.22393	0.4693	0.4881	0.60082	0.5385	0.81411	0.50818	0.39818	0.48632	0.96396	0.38827	0.65021
0.685	0.15433	0.22333	0.46803	0.48681	0.60063	0.53725	0.8147	0.50776	0.39791	0.48527	0.965	0.38672	0.64784
0.69	0.15388	0.22311	0.46638	0.48563	0.60051	0.53533	0.8144	0.50783	0.3973	0.4837	0.96506	0.38474	0.64839
0.695	0.15382	0.22287	0.46424	0.48385	0.60127	0.5352	0.81478	0.50681	0.39719	0.48237	0.96463	0.38259	0.64651
0.7	0.15328	0.22213	0.46111	0.48165	0.60057	0.53352	0.81444	0.50689	0.3962	0.4804	0.96476	0.38075	0.64474
0.705	0.15348	0.22151	0.4586	0.48003	0.60052	0.53195	0.81475	0.50655	0.3967	0.4789	0.96503	0.37861	0.64344
0.71	0.15225	0.22105	0.45573	0.47717	0.60035	0.53022	0.81568	0.5064	0.3948	0.47673	0.96559	0.37626	0.64157
0.715	0.15249	0.22017	0.452	0.47299	0.60061	0.52791	0.81518	0.50613	0.39552	0.47381	0.96439	0.37465	0.64033
0.72	0.15134	0.2191	0.44852	0.46917	0.59977	0.52588	0.81564	0.50527	0.39389	0.47191	0.96585	0.37241	0.63797
0.725	0.15134	0.22011	0.44426	0.46542	0.60019	0.52318	0.81586	0.50624	0.39373	0.46844	0.96533	0.36973	0.63604
0.73	0.15005	0.21857	0.44021	0.46024	0.59881	0.51957	0.81589	0.50574	0.3913	0.46485	0.96554	0.36737	0.63282
0.735	0.14991	0.21729	0.43508	0.45393	0.59929	0.51624	0.81685	0.50569	0.3912	0.46089	0.96454	0.36488	0.62883
0.74	0.14869	0.21527	0.42999	0.44728	0.5987	0.51207	0.81689	0.50436	0.38927	0.45668	0.96437	0.36164	0.62613
0.745	0.14825	0.21294	0.42463	0.43911	0.5985	0.50686	0.81628	0.503	0.3885	0.45154	0.96558	0.35861	0.62323
0.75	0.14686	0.21052	0.41836	0.42955	0.59889	0.50165	0.81695	0.50148	0.38594	0.44607	0.96539	0.35475	0.61836
0.755	0.14623	0.20732	0.4118	0.42013	0.59935	0.49546	0.81691	0.5008	0.38441	0.43957	0.96529	0.35172	0.61426
0.76	0.14478	0.20392	0.4051	0.40886	0.59798	0.48875	0.81694	0.4995	0.38188	0.43227	0.96508	0.34718	0.60887
0.765	0.14387	0.19968	0.39672	0.39695	0.59827	0.48135	0.81749	0.49738	0.38012	0.42391	0.96559	0.34243	0.60248
0.77	0.14221	0.19557	0.38866	0.38401	0.5978	0.47237	0.81711	0.49517	0.37661	0.41512	0.96493	0.3378	0.59605
0.775	0.14048	0.19049	0.3791	0.3699	0.59802	0.46251	0.81695	0.49325	0.37358	0.40484	0.9646	0.33289	0.58846
0.78	0.13943	0.18534	0.36908	0.35503	0.59766	0.45187	0.81686	0.4904	0.37047	0.39346	0.9643	0.32623	0.58058
0.785	0.13729	0.17953	0.35847	0.3398	0.59796	0.44046	0.81819	0.48779	0.36553	0.38154	0.9645	0.31864	0.57106
0.79	0.13577	0.17355	0.34607	0.32347	0.59768	0.42671	0.81752	0.48462	0.36157	0.36849	0.96548	0.31139	0.56245
0.795	0.13295	0.16681	0.33282	0.30673	0.59726	0.41236	0.81783	0.4805	0.35548	0.35435	0.96509	0.30391	0.55004
0.8	0.13001	0.16076	0.32004	0.29095	0.59706	0.39878	0.81651	0.47663	0.34941	0.34125	0.96461	0.29576	0.54022
0.805	0.12816	0.15273	0.30654	0.27226	0.59627	0.38175	0.81839	0.47196	0.34253	0.32408	0.96582	0.28469	0.52564
0.81	0.12513	0.14546	0.29114	0.25565	0.59739	0.36518	0.81731	0.46634	0.33523	0.30813	0.96539	0.27416	0.51091
0.815	0.12196	0.13768	0.27589	0.2392	0.59565	0.34787	0.81662	0.4613	0.32749	0.29169	0.96482	0.26255	0.49754
0.82	0.11936	0.13034	0.26085	0.22365	0.59663	0.33087	0.81745	0.45411	0.31947	0.27561	0.9644	0.25077	0.4819
0.825	0.1157	0.12343	0.24694	0.20921	0.59579	0.31377	0.81715	0.44784	0.31091	0.25927	0.96416	0.23881	0.46719
0.83	0.1122	0.11606	0.23277	0.19493	0.59636	0.29668	0.81839	0.44081	0.30081	0.24444	0.96638	0.22668	0.45162
0.835	0.10939	0.10971	0.2192	0.18195	0.59513	0.28	0.8184	0.43354	0.29129	0.22921	0.96559	0.2145	0.43758
0.84	0.10592	0.10314	0.20524	0.16969	0.5953	0.26279	0.81719	0.42568	0.2802	0.21467	0.96437	0.20283	0.42063
0.845	0.10216	0.09741	0.19276	0.15882	0.59505	0.24716	0.81757	0.41745	0.2697	0.20104	0.96342	0.19107	0.40564
0.85	0.09934	0.09221	0.18098	0.14818	0.59468	0.23214	0.81655	0.40959	0.25985	0.18827	0.96371	0.17961	0.38975
0.855	0.09667	0.08695	0.16944	0.13911	0.59518	0.21849	0.81713	0.40019	0.24864	0.1751	0.96214	0.16832	0.37506
0.86	0.09345	0.0821	0.15853	0.13028	0.59414	0.20332	0.81603	0.39206	0.23857	0.16348	0.96427	0.15882	0.36105
0.865	0.09079	0.07857	0.14921	0.12323	0.59289	0.19121	0.81719	0.38335	0.22819	0.15334	0.96198	0.14888	0.34667
0.87	0.08854	0.07425	0.1405	0.11554	0.5942	0.17962	0.81647	0.37408	0.21827	0.14329	0.96279	0.13922	0.3324
0.875	0.08595	0.071	0.13293	0.10961	0.59327	0.16874	0.81639	0.36638	0.20926	0.13541	0.96415	0.13113	0.31954
0.88	0.08364	0.06765	0.1252	0.1037	0.5936	0.15796	0.81397	0.358	0.1994	0.12717	0.96389	0.12295	0.3073
0.885	0.08174	0.06514	0.11856	0.09875	0.5937	0.14977	0.81774	0.35041	0.19147	0.12041	0.96257	0.11608	0.29665
0.89	0.08013	0.06285	0.11303	0.09432	0.59313	0.14072	0.81513	0.3427	0.18278	0.11368	0.96499	0.10936	0.28415
0.895	0.07836	0.06092	0.10795	0.09082	0.59298	0.13353	0.81495	0.3354	0.17504	0.10829	0.96271	0.10388	0.27569
0.9	0.07716	0.05919	0.10281	0.08714	0.59235	0.12698	0.81488	0.32922	0.16728	0.10338	0.9646	0.09871	0.26569
0.905	0.07577	0.05815	0.09892	0.08506	0.59206	0.12051	0.8137	0.32282	0.15971	0.09869	0.96301	0.09418	0.25645
0.91	0.07431	0.05682	0.09514	0.08235	0.59159	0.11531	0.81364	0.31707	0.15359	0.09477	0.96407	0.08975	0.24886
0.915	0.07416	0.05576	0.09242	0.08009	0.59108	0.11064	0.81471	0.31285	0.14858	0.0916	0.96337	0.08585	0.24148
0.92	0.07292	0.0551	0.08932	0.07851	0.59124	0.10652	0.81392	0.30795	0.14328	0.08811	0.96389	0.08276	0.23454
0.925	0.07194	0.05458	0.08726	0.07725	0.5905	0.10285	0.81454	0.30497	0.13831	0.08606	0.96283	0.07993	0.22875
0.93	0.07161	0.05445	0.08515	0.07648	0.59154	0.10004	0.8148	0.3018	0.13381	0.08405	0.96436	0.07773	0.22351
0.935	0.07086	0.05385	0.08297	0.07584	0.59133	0.09689	0.81435	0.29915	0.12985	0.08259	0.96385	0.07524	0.21838
0.94	0.07077	0.05421	0.08166	0.07572	0.59103	0.09515	0.81425	0.29746	0.12641	0.08095	0.96411	0.07382	0.21432
0.945	0.07059	0.05451	0.0797	0.07543	0.59046	0.09337	0.81414	0.29586	0.12271	0.07992	0.96327	0.07214	0.21075
0.95	0.07009	0.05483	0.07915	0.07577	0.59111	0.09191	0.81412	0.29617	0.12018	0.07921	0.96427	0.07116	0.2083
0.955	0.06977	0.05499	0.0784	0.07646	0.59044	0.09076	0.81433	0.29599	0.11833	0.07893	0.96498	0.07049	0.20613
0.96	0.07016	0.05584	0.0774	0.07785	0.59045	0.09019	0.81418	0.29753	0.11573	0.07891	0.96387	0.06976	0.20393
0.965	0.06973	0.05719	0.07706	0.07938	0.59041	0.09013	0.81379	0.29878	0.11404	0.07933	0.96395	0.06915	0.20319
0.97	0.07027	0.05868	0.07674	0.08083	0.59118	0.09007	0.81442	0.30095	0.11221	0.07994	0.96406	0.06932	0.20212
0.975	0.07056	0.06032	0.07696	0.08309	0.59028	0.09057	0.81433	0.30462	0.11151	0.08096	0.96455	0.06933	0.20182
0.98	0.07058	0.06274	0.07699	0.08618	0.59081	0.09143	0.81558	0.30765	0.11049	0.08238	0.96424	0.07004	0.20248
0.985	0.0712	0.06489	0.07758	0.08909	0.59022	0.0924	0.8163	0.31153	0.1103	0.08412	0.96503	0.07054	0.2029
0.99	0.07175	0.06769	0.07836	0.09274	0.59061	0.09389	0.81644	0.31615	0.11024	0.08615	0.96396	0.07133	0.20444
0.995	0.07285	0.07063	0.07967	0.09695	0.58992	0.09554	0.81645	0.32166	0.11035	0.08861	0.96432	0.07246	0.20621
1	0.07349	0.07415	0.08051	0.10149	0.58963	0.09789	0.81563	0.32621	0.11073	0.09118	0.96387	0.07401	0.2086
1.005	0.07471	0.07817	0.08228	0.1067	0.58965	0.1005	0.81597	0.33194	0.11168	0.09483	0.96394	0.07531	0.21112
1.01	0.07625	0.08264	0.08429	0.11281	0.58964	0.10348	0.81622	0.33732	0.1123	0.09874	0.96392	0.07736	0.21467
1.015	0.07808	0.08709	0.08639	0.11919	0.59019	0.10728	0.81629	0.34407	0.11415	0.1032	0.96501	0.07923	0.21963
1.02	0.07978	0.09261	0.08831	0.12657	0.59027	0.11147	0.81719	0.34918	0.11583	0.10859	0.96525	0.08224	0.22403
1.025	0.08202	0.09801	0.09145	0.1345	0.58885	0.11588	0.81758	0.35603	0.11827	0.11392	0.96512	0.08484	0.22988
1.03	0.08383	0.104	0.09505	0.14298	0.58946	0.122	0.81691	0.36131	0.12117	0.12039	0.96491	0.08813	0.23512
1.035	0.0869	0.10978	0.09858	0.15237	0.58935	0.12827	0.81777	0.36823	0.12394	0.1271	0.9649	0.09192	0.24165
1.04	0.08956	0.11646	0.10256	0.16231	0.5896	0.13516	0.81772	0.37417	0.12783	0.13554	0.96475	0.09601	0.24852
1.045	0.09097	0.1228	0.10661	0.17324	0.58937	0.14317	0.81728	0.38049	0.13094	0.14413	0.96671	0.10034	0.25699
1.05	0.09534	0.12961	0.11183	0.18408	0.5898	0.15162	0.81751	0.38678	0.13608	0.15285	0.96589	0.10591	0.26569
1.055	0.09743	0.13598	0.11674	0.19525	0.58977	0.16129	0.81818	0.393	0.14044	0.16316	0.96619	0.11167	0.27468
1.06	0.10106	0.1424	0.12358	0.20673	0.58919	0.17178	0.81843	0.39932	0.14638	0.17382	0.96607	0.1181	0.28542
1.065	0.10417	0.14806	0.12992	0.21848	0.58894	0.18302	0.81788	0.40525	0.15195	0.18465	0.96631	0.12484	0.29559
1.07	0.10786	0.1534	0.13783	0.22994	0.58945	0.19486	0.81741	0.41115	0.15888	0.19625	0.96703	0.13235	0.30747
1.075	0.1107	0.15923	0.14523	0.24148	0.58907	0.20739	0.8183	0.41723	0.16507	0.20757	0.96747	0.13984	0.31843
1.08	0.11391	0.16409	0.15349	0.25337	0.58898	0.22113	0.81892	0.42392	0.17249	0.21998	0.96788	0.14867	0.33145
1.085	0.11705	0.16841	0.16123	0.26387	0.58893	0.23519	0.81743	0.42885	0.18019	0.2325	0.96793	0.15688	0.34434
1.09	0.11996	0.17244	0.17007	0.27455	0.58872	0.24831	0.81746	0.43552	0.18788	0.2439	0.96812	0.16602	0.35615
1.095	0.12285	0.17595	0.17817	0.28392	0.58828	0.26227	0.81909	0.44055	0.19564	0.25602	0.96762	0.17603	0.3693
1.1	0.1252	0.17927	0.18719	0.29378	0.58855	0.27658	0.81923	0.44608	0.20223	0.2681	0.96776	0.18635	0.38185
1.105	0.12775	0.18199	0.19502	0.3015	0.58819	0.28921	0.81884	0.4504	0.21026	0.27859	0.96873	0.19571	0.3948
1.11	0.13024	0.18563	0.20312	0.30886	0.58863	0.30195	0.81852	0.45528	0.21675	0.28922	0.9683	0.20521	0.40577
1.115	0.13224	0.18641	0.2113	0.31623	0.58855	0.31399	0.81877	0.45988	0.22456	0.29904	0.96798	0.21405	0.41803
1.12	0.13374	0.18865	0.21931	0.32222	0.58849	0.32525	0.81931	0.4642	0.23179	0.30851	0.9685	0.22292	0.42897
1.125	0.13514	0.19023	0.22554	0.32696	0.58812	0.33493	0.81987	0.46736	0.23738	0.31617	0.96843	0.23117	0.43826
1.13	0.13672	0.19199	0.23186	0.33137	0.58804	0.34439	0.81957	0.4706	0.24331	0.32489	0.96778	0.23857	0.44719
1.135	0.13795	0.19197	0.23669	0.33524	0.58794	0.35264	0.81914	0.47438	0.24902	0.33092	0.96903	0.24578	0.45608
1.14	0.1387	0.19284	0.24158	0.33886	0.58773	0.35978	0.81978	0.47749	0.25328	0.33624	0.96766	0.25168	0.46369
1.145	0.14002	0.19393	0.2462	0.3421	0.58668	0.36573	0.81878	0.47959	0.25759	0.34238	0.96843	0.25674	0.47045
1.15	0.14088	0.1942	0.24934	0.34421	0.58772	0.37107	0.8196	0.48099	0.26121	0.3472	0.96853	0.26172	0.47611
1.155	0.14172	0.19461	0.25198	0.34633	0.58755	0.37573	0.81925	0.48305	0.26453	0.35143	0.96773	0.26622	0.48186
1.16	0.14244	0.19555	0.25497	0.34858	0.58764	0.38026	0.81945	0.48494	0.26777	0.35532	0.96886	0.27012	0.48626
1.165	0.14331	0.19612	0.25668	0.34995	0.58671	0.38376	0.81965	0.48665	0.26974	0.3581	0.96831	0.27323	0.48985
1.17	0.14396	0.19678	0.25875	0.35161	0.58728	0.38583	0.81967	0.48779	0.27276	0.36123	0.96842	0.27619	0.49404
1.175	0.14484	0.19684	0.26103	0.35356	0.58698	0.38876	0.8199	0.4898	0.27429	0.36376	0.96963	0.2782	0.49688
1.18	0.14478	0.19741	0.26207	0.35486	0.58709	0.3912	0.82085	0.49066	0.27597	0.36624	0.96908	0.2807	0.50028
1.185	0.14601	0.19804	0.26218	0.35601	0.58672	0.39287	0.82006	0.49167	0.27804	0.36939	0.96884	0.28193	0.50321
1.19	0.1464	0.19859	0.26374	0.35793	0.58699	0.39533	0.8197	0.49269	0.27936	0.37114	0.96844	0.28376	0.50505
1.195	0.14709	0.1991	0.26577	0.35925	0.58634	0.39713	0.81972	0.49392	0.28088	0.37352	0.9702	0.28565	0.50766
1.2	0.14787	0.19976	0.26558	0.36137	0.58591	0.39929	0.82197	0.49517	0.28219	0.37545	0.96941	0.2867	0.50974
1.205	0.14856	0.20016	0.26647	0.36311	0.58593	0.40082	0.82138	0.4969	0.28308	0.37736	0.96966	0.2881	0.51219
1.21	0.14903	0.20195	0.26785	0.36529	0.58628	0.40183	0.81998	0.49812	0.2841	0.37962	0.9697	0.29057	0.51457
1.215	0.14972	0.20178	0.26851	0.36668	0.58559	0.40376	0.82038	0.49915	0.28518	0.38152	0.96925	0.29091	0.51479
1.22	0.15073	0.20286	0.26984	0.36931	0.58579	0.40549	0.82062	0.49999	0.28652	0.38414	0.96954	0.29228	0.51763
1.225	0.15187	0.20416	0.27034	0.37174	0.58592	0.40718	0.81928	0.50035	0.28767	0.38619	0.97007	0.2943	0.52124
1.23	0.15258	0.20474	0.27203	0.37411	0.58542	0.40941	0.81974	0.50183	0.28878	0.38859	0.97043	0.29522	0.52341
1.235	0.15351	0.20587	0.27362	0.37608	0.58628	0.41131	0.82052	0.50334	0.29013	0.39085	0.97023	0.29685	0.52544
1.24	0.15439	0.20653	0.27476	0.37966	0.58495	0.4134	0.82001	0.50477	0.29137	0.39316	0.97044	0.29872	0.52823
1.245	0.15579	0.20772	0.27664	0.3818	0.58427	0.41541	0.81933	0.50591	0.29213	0.39573	0.97034	0.30015	0.52981
1.25	0.15657	0.20868	0.27805	0.385	0.58512	0.41764	0.81956	0.50678	0.29346	0.39831	0.97046	0.30237	0.53296
1.255	0.15797	0.20913	0.28026	0.38817	0.58433	0.4201	0.82022	0.50832	0.29517	0.40104	0.97028	0.30415	0.53607
1.26	0.15919	0.21088	0.28234	0.3913	0.58475	0.42274	0.81975	0.50965	0.2966	0.40438	0.97124	0.30654	0.53879
1.265	0.16044	0.21158	0.2843	0.39509	0.58426	0.42639	0.8199	0.5111	0.29722	0.40718	0.97119	0.30833	0.54213
1.27	0.16203	0.21293	0.28627	0.39844	0.58424	0.42942	0.82043	0.51182	0.29885	0.41024	0.97018	0.31127	0.54541
1.275	0.16258	0.21424	0.28877	0.40235	0.58343	0.43168	0.81883	0.513	0.30001	0.41289	0.96995	0.31325	0.54774
1.28	0.16518	0.21537	0.2906	0.40589	0.58273	0.43487	0.81947	0.51379	0.3013	0.41619	0.96871	0.3156	0.55023
1.285	0.16623	0.21668	0.29356	0.41055	0.58239	0.43925	0.81974	0.51493	0.30353	0.41951	0.96845	0.31846	0.55292
1.29	0.16832	0.21784	0.29596	0.41413	0.58234	0.44272	0.82009	0.51568	0.3047	0.42312	0.96867	0.32087	0.55634
1.295	0.16994	0.21973	0.2979	0.4177	0.58303	0.44633	0.81994	0.51727	0.30646	0.42629	0.96913	0.32438	0.56061
1.3	0.17144	0.22045	0.30078	0.42175	0.58215	0.44989	0.82029	0.51872	0.30789	0.43019	0.96858	0.32709	0.5641
1.305	0.17326	0.22237	0.30392	0.42621	0.58197	0.45425	0.81986	0.51985	0.30975	0.43418	0.96963	0.32949	0.56685
1.31	0.17471	0.22346	0.30758	0.43027	0.58227	0.4585	0.8203	0.52085	0.31104	0.43765	0.96813	0.33265	0.57072
1.315	0.17689	0.22449	0.31085	0.43547	0.58177	0.46265	0.8206	0.52212	0.31255	0.44161	0.96821	0.33682	0.57491
1.32	0.17905	0.22653	0.31423	0.43961	0.58208	0.46684	0.82048	0.52403	0.31464	0.44544	0.96724	0.33982	0.57911
1.325	0.18092	0.22722	0.31722	0.44423	0.58152	0.47117	0.82055	0.52541	0.31633	0.44936	0.96748	0.34322	0.58287
1.33	0.1835	0.22909	0.32085	0.44876	0.58159	0.47565	0.82081	0.52706	0.31888	0.45338	0.96796	0.34764	0.58683
1.335	0.18631	0.23014	0.32425	0.45351	0.58085	0.48014	0.82055	0.52893	0.32057	0.45751	0.96707	0.35086	0.58983
1.34	0.18785	0.2314	0.32798	0.45772	0.58109	0.4846	0.82062	0.53049	0.32306	0.46188	0.96751	0.35466	0.5938
1.345	0.18989	0.23267	0.33265	0.46238	0.58022	0.48919	0.8202	0.53198	0.32469	0.46541	0.96704	0.35838	0.59824
1.35	0.19226	0.23439	0.33653	0.46656	0.57996	0.49367	0.81955	0.53408	0.32642	0.46958	0.96763	0.36196	0.60168
1.355	0.19437	0.2367	0.34012	0.47032	0.57954	0.49741	0.81828	0.53457	0.32846	0.4743	0.9665	0.36793	0.60768
1.36	0.19676	0.23836	0.34425	0.47516	0.57957	0.50157	0.81766	0.53521	0.32983	0.47853	0.96593	0.3703	0.61128
1.365	0.19961	0.23896	0.34804	0.47918	0.57874	0.50842	0.82093	0.53606	0.33308	0.48111	0.96499	0.37417	0.61208
1.37	0.20213	0.23947	0.35177	0.48392	0.57909	0.51274	0.81984	0.5376	0.33528	0.48535	0.96434	0.37852	0.61628
1.375	0.20429	0.2407	0.35671	0.48865	0.57829	0.51828	0.82114	0.53703	0.33569	0.48843	0.9618	0.38143	0.62086
1.38	0.20633	0.24136	0.36103	0.49184	0.57868	0.52187	0.81999	0.53813	0.33876	0.49406	0.96111	0.38539	0.62597
1.385	0.20984	0.24244	0.36489	0.49586	0.57745	0.52908	0.82181	0.5407	0.34189	0.49597	0.96159	0.39036	0.62808
1.39	0.21239	0.24357	0.37016	0.49989	0.57859	0.53388	0.82204	0.54381	0.34364	0.50119	0.9624	0.39568	0.63293
1.395	0.21474	0.24405	0.37473	0.50399	0.5775	0.53565	0.8185	0.54443	0.34564	0.5066	0.9615	0.39956	0.63762
1.4	0.21686	0.24483	0.3774	0.50784	0.57808	0.54106	0.81941	0.54631	0.3478	0.51015	0.96168	0.40405	0.64027
1.405	0.21982	0.24551	0.38198	0.51029	0.578	0.54481	0.81853	0.54847	0.34965	0.51393	0.96233	0.40906	0.64491
1.41	0.223	0.24577	0.38663	0.51353	0.57776	0.55143	0.81973	0.54942	0.35206	0.51605	0.96213	0.41324	0.65016
1.415	0.22518	0.24582	0.39032	0.5167	0.57786	0.55551	0.81897	0.54909	0.35476	0.52017	0.96124	0.41694	0.64988
1.42	0.22792	0.24618	0.39395	0.51869	0.57773	0.56041	0.81854	0.55013	0.35583	0.52397	0.96081	0.42097	0.65429
1.425	0.23009	0.24611	0.39831	0.52167	0.57799	0.56513	0.81974	0.54987	0.358	0.52648	0.9594	0.42397	0.65848
1.43	0.23355	0.24631	0.40375	0.5243	0.57721	0.56957	0.81922	0.55082	0.36014	0.5294	0.96011	0.42878	0.66311
1.435	0.23549	0.24651	0.40751	0.52667	0.57706	0.57433	0.82051	0.55086	0.36224	0.53253	0.95868	0.43153	0.66386
1.44	0.23786	0.24669	0.41218	0.52846	0.57778	0.5782	0.82024	0.55278	0.36479	0.53569	0.95986	0.43657	0.66645
1.445	0.24131	0.24729	0.41682	0.52949	0.57669	0.5825	0.82064	0.5547	0.36682	0.53782	0.9607	0.44048	0.67229
1.45	0.24332	0.24764	0.42013	0.53114	0.57674	0.58582	0.82006	0.55553	0.36876	0.54072	0.9604	0.44492	0.67473
1.455	0.24594	0.24725	0.42414	0.53197	0.57699	0.58943	0.82084	0.55535	0.37029	0.54274	0.9603	0.4479	0.67562
1.46	0.24884	0.24727	0.42774	0.53257	0.57693	0.59396	0.82065	0.55619	0.37263	0.54474	0.96037	0.45223	0.6782
1.465	0.25124	0.24661	0.43131	0.53271	0.57645	0.59702	0.82059	0.55669	0.37515	0.54677	0.9607	0.45679	0.68236
1.47	0.25262	0.24682	0.43536	0.53295	0.57639	0.60028	0.82083	0.5579	0.3762	0.54792	0.96135	0.45945	0.68321
1.475	0.25432	0.24664	0.43865	0.53231	0.57642	0.60379	0.82072	0.55749	0.37834	0.54947	0.96093	0.46257	0.68677
1.48	0.25763	0.2458	0.44214	0.53188	0.57554	0.60657	0.82067	0.55791	0.37963	0.55138	0.9612	0.46646	0.68884
1.485	0.25958	0.24533	0.44605	0.53186	0.57564	0.60897	0.8202	0.55882	0.38115	0.55142	0.96125	0.46852	0.68934
1.49	0.26122	0.24521	0.44926	0.53016	0.57539	0.6113	0.82035	0.5596	0.38389	0.55275	0.96175	0.47284	0.6915
1.495	0.26388	0.24393	0.45181	0.52864	0.57525	0.61404	0.82047	0.56004	0.38512	0.55289	0.96211	0.47418	0.69192
1.5	0.26558	0.24345	0.45473	0.52745	0.57539	0.61624	0.82096	0.56059	0.38627	0.55312	0.96199	0.4785	0.69283
1.505	0.26788	0.24311	0.45657	0.5246	0.57492	0.6176	0.82072	0.55976	0.38761	0.55337	0.96251	0.47991	0.69685
1.51	0.26915	0.24202	0.45957	0.52317	0.57504	0.61922	0.82111	0.56098	0.39023	0.55231	0.96195	0.48273	0.69606
1.515	0.27084	0.24111	0.46162	0.52045	0.57511	0.62051	0.82115	0.56083	0.39144	0.55234	0.96318	0.48544	0.69774
1.52	0.27267	0.24014	0.4631	0.51804	0.57478	0.62153	0.82117	0.56128	0.39232	0.55208	0.9625	0.48729	0.69942
1.525	0.27465	0.2393	0.46562	0.51505	0.57485	0.62232	0.82099	0.56127	0.39418	0.55115	0.96333	0.48962	0.69771
1.53	0.27558	0.23816	0.46754	0.51186	0.57502	0.62318	0.82105	0.56147	0.39514	0.54867	0.96291	0.49072	0.69839
1.535	0.27568	0.2371	0.46985	0.50852	0.57428	0.62281	0.82068	0.56146	0.395	0.54784	0.96317	0.4927	0.69917
1.54	0.27795	0.23617	0.47036	0.50449	0.57443	0.62323	0.82172	0.56106	0.39671	0.54596	0.96307	0.49358	0.69842
1.545	0.2791	0.23494	0.47117	0.50019	0.57466	0.62186	0.82098	0.5615	0.3978	0.54432	0.96369	0.49373	0.69905
1.55	0.27919	0.23357	0.47237	0.49712	0.57467	0.62136	0.82139	0.56166	0.39822	0.54184	0.96315	0.49532	0.69866
1.555	0.28054	0.23188	0.47333	0.49268	0.5743	0.62124	0.82128	0.56211	0.39943	0.53922	0.96298	0.49624	0.69785
1.56	0.28092	0.2306	0.47373	0.48822	0.57442	0.61942	0.82176	0.56159	0.39974	0.53612	0.96359	0.49509	0.69667
1.565	0.28211	0.22887	0.47345	0.48399	0.57394	0.61867	0.82181	0.56013	0.40059	0.53381	0.96329	0.49591	0.6952
1.57	0.28141	0.22788	0.47369	0.47921	0.57392	0.61651	0.82155	0.56001	0.40098	0.53085	0.96354	0.49595	0.69422
1.575	0.28242	0.22597	0.47381	0.47414	0.57343	0.61429	0.82147	0.56022	0.4014	0.52782	0.96368	0.49573	0.69218
1.58	0.28131	0.22441	0.47357	0.46938	0.57315	0.61167	0.82171	0.5598	0.40185	0.52441	0.96337	0.49539	0.69041
1.585	0.28253	0.22265	0.47249	0.46473	0.57278	0.60923	0.82112	0.55952	0.40258	0.52064	0.96405	0.49485	0.69024
1.59	0.28231	0.22076	0.47109	0.4594	0.5728	0.6065	0.82086	0.55843	0.40281	0.51643	0.96363	0.49376	0.68872
1.595	0.28329	0.21929	0.4699	0.45425	0.57341	0.60349	0.82117	0.55838	0.40335	0.51228	0.96362	0.49157	0.68438
1.6	0.28209	0.21727	0.4686	0.4484	0.57316	0.60067	0.82037	0.55833	0.40369	0.50855	0.9636	0.4909	0.68318
1.605	0.28165	0.21614	0.46648	0.44362	0.57233	0.59769	0.82238	0.5562	0.40406	0.50455	0.96404	0.48835	0.68166
1.61	0.28083	0.21353	0.46605	0.43826	0.5735	0.59379	0.82191	0.55612	0.40407	0.50039	0.96412	0.48731	0.67897
1.615	0.28077	0.21214	0.4631	0.43291	0.57263	0.59071	0.82165	0.5559	0.40404	0.49643	0.96478	0.48602	0.67674
1.62	0.28034	0.21045	0.4621	0.42724	0.57243	0.58683	0.8218	0.55437	0.40377	0.49147	0.96377	0.48378	0.67396
1.625	0.2799	0.20852	0.45871	0.4217	0.57228	0.5826	0.82178	0.55329	0.40341	0.48706	0.96436	0.48067	0.67111
1.63	0.278	0.20617	0.45613	0.41617	0.57198	0.57766	0.82064	0.55158	0.40305	0.48192	0.96289	0.47705	0.66793
1.635	0.27672	0.20448	0.45333	0.41135	0.57171	0.57346	0.82131	0.55159	0.40277	0.47728	0.96342	0.47549	0.66521
1.64	0.27602	0.20208	0.45081	0.40547	0.57125	0.56894	0.8214	0.55056	0.40232	0.47246	0.9637	0.47212	0.66202
1.645	0.27443	0.1996	0.44856	0.40042	0.572	0.56471	0.82049	0.54949	0.4023	0.4678	0.96351	0.46976	0.65864
1.65	0.2736	0.19818	0.44457	0.39474	0.57166	0.55957	0.82099	0.54868	0.40214	0.46274	0.96395	0.46679	0.65527
1.655	0.2737	0.19586	0.44324	0.38949	0.57185	0.555	0.82149	0.54698	0.40161	0.45812	0.9643	0.4628	0.65217
1.66	0.27145	0.19374	0.4399	0.38327	0.572	0.55003	0.82213	0.54573	0.40131	0.45319	0.96433	0.45951	0.64926
1.665	0.27045	0.19283	0.43531	0.37898	0.57184	0.54452	0.82231	0.5432	0.40074	0.44856	0.96556	0.454	0.64617
1.67	0.2677	0.19053	0.43266	0.37397	0.57187	0.53971	0.82199	0.54163	0.39984	0.44392	0.96572	0.45104	0.64172
1.675	0.26718	0.18827	0.42901	0.36828	0.57198	0.53436	0.82126	0.54053	0.39923	0.43853	0.96555	0.44778	0.63884
1.68	0.26473	0.18625	0.42634	0.36347	0.57228	0.52957	0.82147	0.53966	0.39832	0.43343	0.96583	0.44341	0.6347
1.685	0.26249	0.18404	0.41996	0.35829	0.57151	0.52456	0.82197	0.5379	0.39732	0.4285	0.96575	0.44023	0.63088
1.69	0.26128	0.18184	0.41713	0.35295	0.57147	0.51821	0.82205	0.53658	0.39649	0.42346	0.96568	0.43584	0.62708
1.695	0.25949	0.18011	0.41344	0.34754	0.57079	0.51397	0.82215	0.53556	0.39534	0.41825	0.96588	0.4322	0.62289
1.7	0.2582	0.17748	0.40979	0.34329	0.57102	0.50976	0.82239	0.53378	0.39446	0.41344	0.96598	0.42986	0.62027
1.705	0.25597	0.1759	0.40602	0.33747	0.57087	0.5031	0.82182	0.53241	0.3931	0.40849	0.96594	0.42395	0.61456
1.71	0.25427	0.1737	0.40198	0.33248	0.57103	0.49802	0.82214	0.53109	0.39181	0.40326	0.96613	0.42036	0.61062
1.715	0.25155	0.17214	0.39758	0.32789	0.57055	0.49255	0.82193	0.52919	0.39003	0.39869	0.96611	0.41578	0.60663
1.72	0.25047	0.17009	0.39347	0.32299	0.57074	0.48723	0.82173	0.52777	0.38872	0.3931	0.96603	0.41157	0.6026
1.725	0.24726	0.16848	0.38979	0.31839	0.57129	0.48163	0.82213	0.52634	0.38702	0.38906	0.96716	0.40749	0.59868
1.73	0.24583	0.16626	0.38504	0.31393	0.57055	0.47639	0.82172	0.52422	0.38567	0.38379	0.96622	0.40334	0.59429
1.735	0.24299	0.16381	0.38123	0.30907	0.5704	0.47092	0.82195	0.52263	0.38358	0.37868	0.96596	0.39882	0.5894
1.74	0.2422	0.16249	0.37658	0.30455	0.57036	0.46541	0.82172	0.52106	0.38321	0.37383	0.96555	0.39446	0.58506
1.745	0.23906	0.16041	0.37248	0.29996	0.56949	0.45977	0.82132	0.51919	0.3803	0.36877	0.96496	0.39035	0.58048
1.75	0.23749	0.15844	0.36866	0.29575	0.56982	0.45489	0.82131	0.5182	0.37899	0.36397	0.96479	0.38573	0.57625
1.755	0.23445	0.15695	0.36463	0.29128	0.57046	0.44914	0.82084	0.51658	0.37643	0.35929	0.9654	0.38113	0.57122
1.76	0.23287	0.15571	0.3604	0.28654	0.57017	0.4438	0.82146	0.51509	0.37491	0.35535	0.9658	0.37619	0.56751
1.765	0.23024	0.15371	0.35673	0.28284	0.56897	0.43836	0.82075	0.51367	0.37319	0.35017	0.96411	0.37234	0.56189
1.77	0.2278	0.15168	0.35249	0.27871	0.56906	0.43358	0.82109	0.5125	0.37127	0.34597	0.9651	0.36833	0.55916
1.775	0.22617	0.15028	0.34875	0.27475	0.56941	0.42832	0.82112	0.51096	0.36925	0.34131	0.9647	0.36421	0.55464
1.78	0.22361	0.1485	0.34417	0.27068	0.56977	0.42294	0.82105	0.50794	0.36796	0.33679	0.96463	0.35908	0.55052
1.785	0.22174	0.14691	0.34028	0.26695	0.56978	0.41815	0.82113	0.50731	0.3656	0.33267	0.96529	0.35538	0.54601
1.79	0.21902	0.1454	0.33635	0.26376	0.56944	0.41308	0.82088	0.50593	0.36385	0.32883	0.96559	0.35085	0.542
1.795	0.21713	0.14345	0.33276	0.25968	0.56867	0.40796	0.82087	0.50389	0.36216	0.32435	0.96483	0.34581	0.53707
1.8	0.21419	0.14236	0.32823	0.25637	0.56925	0.40272	0.82069	0.50209	0.35978	0.32069	0.96531	0.34283	0.53301
1.805	0.21271	0.14106	0.32442	0.25292	0.56853	0.39838	0.82094	0.49985	0.35799	0.31603	0.96379	0.33811	0.52883
1.81	0.21021	0.13948	0.32076	0.24915	0.56869	0.39326	0.81972	0.49963	0.35553	0.31211	0.96412	0.33395	0.52471
1.815	0.20821	0.13805	0.31715	0.24568	0.56843	0.38835	0.81979	0.49674	0.35398	0.30862	0.96446	0.33041	0.52039
1.82	0.20631	0.13657	0.3131	0.24263	0.5678	0.38362	0.81908	0.49838	0.35147	0.30445	0.96476	0.32747	0.516
1.825	0.20441	0.13498	0.30937	0.23965	0.56735	0.37942	0.82022	0.49455	0.34977	0.30059	0.96269	0.32157	0.51248
1.83	0.20288	0.13372	0.30574	0.23639	0.56689	0.3748	0.81928	0.49304	0.34805	0.29741	0.96408	0.31933	0.50763
1.835	0.2004	0.13302	0.30273	0.2341	0.56753	0.36995	0.81841	0.49053	0.34611	0.29412	0.96384	0.31603	0.50448
1.84	0.19925	0.13123	0.29746	0.23068	0.56729	0.36648	0.81997	0.48861	0.34515	0.28979	0.96329	0.31079	0.50127
1.845	0.19684	0.12986	0.29461	0.22818	0.56779	0.36203	0.82118	0.48648	0.34162	0.28614	0.9631	0.30648	0.49746
1.85	0.19586	0.12894	0.29085	0.2253	0.56801	0.358	0.82153	0.48391	0.34069	0.28295	0.96217	0.30222	0.49384
1.855	0.19328	0.12755	0.28787	0.22336	0.56752	0.35365	0.82032	0.48199	0.33793	0.27968	0.96229	0.29882	0.48921
1.86	0.1912	0.12673	0.28458	0.22033	0.56652	0.34927	0.8195	0.48208	0.33601	0.27617	0.96272	0.29555	0.48462
1.865	0.1894	0.1255	0.28216	0.21808	0.56662	0.34469	0.81974	0.47927	0.33345	0.27428	0.96143	0.29138	0.48023
1.87	0.18749	0.12444	0.27918	0.21554	0.56716	0.34004	0.81999	0.47634	0.33169	0.272	0.95979	0.28752	0.47617
1.875	0.18664	0.12342	0.27549	0.21314	0.56611	0.33877	0.81984	0.4746	0.33149	0.2657	0.95871	0.28373	0.47571
1.88	0.18454	0.12201	0.27292	0.21098	0.56585	0.33451	0.81959	0.4728	0.3289	0.26361	0.95678	0.28016	0.47221
1.885	0.18313	0.12142	0.26949	0.20887	0.56608	0.32976	0.81938	0.46916	0.32654	0.26121	0.95426	0.27618	0.46632
1.89	0.18073	0.1203	0.26696	0.20623	0.56503	0.32534	0.81764	0.46942	0.32362	0.2582	0.95367	0.27373	0.46179
1.895	0.17964	0.11904	0.26389	0.20434	0.56473	0.32131	0.81661	0.46878	0.32169	0.25587	0.95163	0.27051	0.45824
1.9	0.17753	0.11874	0.26154	0.20266	0.56457	0.3173	0.81623	0.46662	0.31961	0.25393	0.94918	0.26715	0.45362
1.905	0.17651	0.1177	0.25807	0.20033	0.56377	0.31499	0.81595	0.4648	0.31828	0.2503	0.94682	0.26399	0.45212
1.91	0.17462	0.11628	0.25581	0.19874	0.56394	0.31178	0.81687	0.46333	0.31571	0.24817	0.94456	0.26092	0.44977
1.915	0.17382	0.11594	0.25335	0.19742	0.5642	0.30817	0.81617	0.46042	0.31509	0.24597	0.94253	0.25726	0.44558
1.92	0.1727	0.11545	0.25062	0.19531	0.56421	0.30476	0.81573	0.46033	0.31238	0.24383	0.94109	0.25507	0.44241
1.925	0.17158	0.11479	0.24831	0.1941	0.56371	0.30241	0.81639	0.45584	0.3106	0.24121	0.93896	0.25063	0.43999
1.93	0.17012	0.11379	0.24582	0.19271	0.56351	0.29794	0.81417	0.45722	0.30904	0.23906	0.93772	0.24825	0.43576
1.935	0.16855	0.11361	0.24336	0.19191	0.56393	0.29518	0.81467	0.45564	0.30727	0.23684	0.9376	0.24543	0.4334
1.94	0.16752	0.11269	0.24156	0.18968	0.56392	0.29205	0.81511	0.4556	0.30584	0.23488	0.93856	0.24316	0.43031
1.945	0.16643	0.11249	0.23858	0.18841	0.56384	0.29018	0.81661	0.45377	0.30414	0.23285	0.9394	0.24017	0.42819
1.95	0.16515	0.11244	0.23616	0.18658	0.56222	0.28718	0.81531	0.45175	0.30171	0.23065	0.93895	0.2375	0.42462
1.955	0.16403	0.11213	0.23399	0.18593	0.56188	0.28331	0.81401	0.45109	0.29975	0.22861	0.93814	0.23444	0.42138
1.96	0.16332	0.11138	0.23294	0.18481	0.56146	0.28055	0.81466	0.44916	0.29874	0.22704	0.93892	0.23194	0.41853
1.965	0.16218	0.11099	0.23031	0.18382	0.56283	0.2785	0.81566	0.44893	0.29639	0.22541	0.94056	0.22935	0.41673
1.97	0.16143	0.11078	0.22894	0.18307	0.56282	0.27601	0.81484	0.44753	0.2954	0.22318	0.9404	0.22725	0.41373
1.975	0.16005	0.11048	0.22726	0.18237	0.56217	0.27365	0.81533	0.44588	0.29377	0.22172	0.9409	0.2256	0.41111
1.98	0.1594	0.11	0.2252	0.18116	0.56159	0.27092	0.81611	0.44611	0.29249	0.22027	0.94175	0.22356	0.40955
1.985	0.15841	0.1101	0.22346	0.18051	0.56168	0.26864	0.81599	0.44561	0.29054	0.21896	0.94218	0.22054	0.40676
1.99	0.15781	0.1098	0.22216	0.17984	0.56138	0.26693	0.81626	0.44565	0.289	0.21838	0.94341	0.21913	0.40499
1.995	0.1564	0.10946	0.22043	0.17954	0.56129	0.26409	0.81578	0.44373	0.28716	0.21605	0.94245	0.21658	0.40244
2	0.15594	0.10948	0.21922	0.17858	0.55998	0.26228	0.8148	0.44302	0.28533	0.2148	0.9425	0.21496	0.39954
2.005	0.15579	0.10913	0.21792	0.17794	0.56053	0.2603	0.81677	0.44299	0.28472	0.21389	0.94406	0.21326	0.39812
2.01	0.15517	0.10938	0.21608	0.17761	0.56101	0.25816	0.81663	0.44066	0.28247	0.21306	0.94524	0.211	0.39622
2.015	0.15472	0.10923	0.2148	0.17712	0.56161	0.25653	0.81798	0.44093	0.28182	0.212	0.94576	0.20932	0.39403
2.02	0.1535	0.10907	0.21297	0.17709	0.56122	0.25472	0.81762	0.43979	0.28009	0.21098	0.94612	0.20707	0.39203
2.025	0.15353	0.10919	0.21225	0.17707	0.56075	0.25304	0.81792	0.43953	0.27833	0.21031	0.94682	0.2059	0.39073
2.03	0.15285	0.10963	0.21082	0.17657	0.56074	0.25081	0.81739	0.43828	0.2774	0.20921	0.94623	0.20394	0.38814
2.035	0.15275	0.10943	0.20957	0.17639	0.56005	0.24955	0.81786	0.4381	0.27639	0.20823	0.94646	0.20238	0.38655
2.04	0.15194	0.10967	0.20917	0.17648	0.55997	0.24788	0.81791	0.43808	0.27494	0.20769	0.94689	0.20146	0.38453
2.045	0.15163	0.1101	0.20771	0.17646	0.56007	0.2463	0.81789	0.43669	0.27353	0.20647	0.94637	0.19963	0.38306
2.05	0.15128	0.11038	0.20619	0.17702	0.55911	0.24492	0.81741	0.43666	0.27279	0.20588	0.94669	0.19842	0.38111
2.055	0.15122	0.1107	0.20541	0.17688	0.55969	0.24383	0.81879	0.43732	0.27129	0.20563	0.94829	0.19736	0.38006
2.06	0.15055	0.11083	0.20463	0.17699	0.56009	0.24256	0.81906	0.43655	0.27047	0.20531	0.94783	0.19562	0.37912
2.065	0.15082	0.11106	0.20397	0.17712	0.55955	0.24067	0.81808	0.43582	0.26898	0.20416	0.94779	0.19418	0.37704
2.07	0.15043	0.11123	0.2032	0.17774	0.55975	0.24006	0.81853	0.43604	0.26804	0.20405	0.9481	0.1929	0.37592
2.075	0.15038	0.11153	0.20262	0.17776	0.55936	0.23872	0.81952	0.43527	0.26741	0.20389	0.94893	0.19148	0.37501
2.08	0.15009	0.11196	0.20225	0.17831	0.55878	0.23776	0.81884	0.43469	0.2664	0.20319	0.94843	0.19082	0.37364
2.085	0.1503	0.11273	0.20169	0.17876	0.55848	0.23645	0.81921	0.435	0.26497	0.20322	0.94939	0.18956	0.37255
2.09	0.15075	0.11333	0.20112	0.17967	0.55968	0.23565	0.81883	0.43571	0.26318	0.20339	0.94919	0.18867	0.37115
2.095	0.15028	0.1136	0.20049	0.18021	0.5589	0.23467	0.81935	0.43559	0.26331	0.20338	0.94889	0.18762	0.37049
2.1	0.1505	0.11438	0.19977	0.181	0.55855	0.234	0.81937	0.43476	0.26226	0.20268	0.94881	0.18609	0.36898
2.105	0.15066	0.11522	0.19944	0.18177	0.5585	0.23346	0.82006	0.4351	0.26216	0.20282	0.9489	0.18631	0.36862
2.11	0.15118	0.11565	0.19884	0.18309	0.55924	0.23293	0.8204	0.43457	0.26127	0.20326	0.95069	0.18503	0.36784
2.115	0.15123	0.11643	0.19927	0.18388	0.55861	0.23164	0.8202	0.43552	0.26067	0.2034	0.95009	0.18402	0.36712
2.12	0.15166	0.11711	0.19904	0.1848	0.55835	0.23092	0.8206	0.43498	0.26054	0.20308	0.95049	0.18338	0.36615
2.125	0.15204	0.11823	0.19914	0.18622	0.55903	0.23081	0.82152	0.43567	0.25905	0.20371	0.95225	0.18276	0.36593
2.13	0.15215	0.11935	0.19854	0.18705	0.55831	0.22976	0.8212	0.43641	0.25876	0.20423	0.95163	0.18254	0.36515
2.135	0.15263	0.12024	0.19849	0.18809	0.55861	0.2299	0.82182	0.43681	0.25803	0.20424	0.95237	0.18226	0.3651
2.14	0.15274	0.12099	0.1983	0.18948	0.55774	0.229	0.82057	0.43648	0.25738	0.20432	0.95108	0.18154	0.3637
2.145	0.15342	0.12268	0.19769	0.19094	0.55839	0.22847	0.82059	0.43739	0.25623	0.20512	0.95281	0.18099	0.36392
2.15	0.15375	0.12314	0.19892	0.19233	0.55798	0.22814	0.81965	0.43771	0.25586	0.2054	0.95205	0.18039	0.36261
2.155	0.15389	0.12414	0.19878	0.1938	0.55811	0.22844	0.82052	0.43843	0.25576	0.20602	0.95244	0.18057	0.36268
2.16	0.15474	0.12518	0.19843	0.19545	0.55833	0.2285	0.82119	0.43927	0.25524	0.20654	0.95226	0.18014	0.36196
2.165	0.15501	0.12649	0.19883	0.19687	0.55754	0.22764	0.81971	0.43943	0.25491	0.20717	0.95193	0.17932	0.36175
2.17	0.15596	0.12773	0.19953	0.19844	0.55826	0.22808	0.82033	0.44088	0.25469	0.20783	0.95249	0.17987	0.36232
2.175	0.15625	0.13008	0.19981	0.2001	0.55707	0.22846	0.81999	0.44177	0.25445	0.20869	0.95218	0.17939	0.36169
2.18	0.15761	0.13047	0.20006	0.20302	0.55672	0.22767	0.81966	0.44186	0.25486	0.20928	0.95123	0.17906	0.3613
2.185	0.15785	0.13191	0.20086	0.20491	0.55546	0.22755	0.8189	0.44221	0.25345	0.20993	0.95077	0.17869	0.36156
2.19	0.15936	0.13313	0.20059	0.20704	0.55813	0.22837	0.81975	0.44339	0.2537	0.21114	0.9525	0.17948	0.36173
2.195	0.15987	0.13456	0.20123	0.20927	0.55797	0.22878	0.81947	0.44491	0.25386	0.21173	0.95128	0.1796	0.36221
2.2	0.16075	0.13602	0.20237	0.21159	0.5569	0.22846	0.81915	0.44505	0.2534	0.21342	0.95108	0.17897	0.36228
2.205	0.1617	0.13793	0.2027	0.21369	0.55681	0.22904	0.81985	0.44667	0.2539	0.21437	0.9503	0.17895	0.36195
2.21	0.16285	0.13911	0.2029	0.21579	0.55703	0.22937	0.8192	0.44667	0.25343	0.21502	0.94955	0.17903	0.36217
2.215	0.16443	0.1407	0.20458	0.21885	0.55703	0.22997	0.81994	0.44773	0.25356	0.21665	0.94956	0.17893	0.36265
2.22	0.16559	0.14175	0.20484	0.22079	0.55646	0.23042	0.81988	0.4481	0.25378	0.2179	0.94831	0.17989	0.36225
2.225	0.16706	0.14388	0.20591	0.22342	0.55669	0.23089	0.81888	0.44827	0.25417	0.21886	0.94768	0.1793	0.36382
2.23	0.16855	0.14518	0.20662	0.2256	0.55643	0.2315	0.81833	0.44951	0.25444	0.21999	0.94613	0.17956	0.36366
2.235	0.17039	0.1469	0.20799	0.2289	0.5551	0.23196	0.81854	0.45036	0.25424	0.22118	0.94613	0.18053	0.36427
2.24	0.17133	0.14862	0.20901	0.23174	0.55566	0.23259	0.81846	0.45143	0.25536	0.22307	0.94674	0.18104	0.36505
2.245	0.17225	0.15041	0.21042	0.234	0.55627	0.234	0.81933	0.45258	0.2548	0.22421	0.94637	0.18143	0.36657
2.25	0.17393	0.15193	0.21127	0.23684	0.55598	0.23458	0.81881	0.45329	0.25568	0.22573	0.94547	0.18172	0.36644
2.255	0.1765	0.15422	0.21294	0.24044	0.55608	0.23563	0.8184	0.45363	0.25703	0.22736	0.94448	0.18212	0.36791
2.26	0.17791	0.15562	0.21309	0.24263	0.55569	0.23655	0.81894	0.45561	0.25736	0.22952	0.94578	0.18301	0.36923
2.265	0.17959	0.15759	0.21546	0.24638	0.5556	0.23726	0.81905	0.4565	0.25726	0.23055	0.94522	0.18369	0.36998
2.27	0.18115	0.15938	0.21674	0.24915	0.55527	0.23911	0.81953	0.45818	0.25818	0.23268	0.94492	0.18378	0.37079
2.275	0.18327	0.16103	0.21827	0.25227	0.55619	0.24034	0.81976	0.46024	0.26009	0.23453	0.94476	0.185	0.37131
2.28	0.18489	0.16287	0.2194	0.25572	0.55534	0.24112	0.81885	0.45981	0.25968	0.23612	0.94392	0.18572	0.37232
2.285	0.18671	0.16445	0.22199	0.25817	0.55566	0.24302	0.82051	0.46165	0.26036	0.238	0.94416	0.1866	0.37369
2.29	0.18829	0.16696	0.22362	0.26249	0.55437	0.24342	0.81836	0.46213	0.26143	0.23974	0.94371	0.18768	0.37552
2.295	0.19164	0.16783	0.22504	0.26572	0.55539	0.24579	0.81932	0.46457	0.26239	0.24195	0.94309	0.1879	0.37664
2.3	0.19254	0.17002	0.22759	0.26848	0.5543	0.24719	0.81932	0.46301	0.26263	0.24429	0.94253	0.18829	0.37777
2.305	0.19488	0.17193	0.22909	0.27246	0.55464	0.24884	0.81933	0.4667	0.2636	0.24639	0.94092	0.1911	0.37909
2.31	0.197	0.17334	0.23063	0.27545	0.55451	0.25024	0.81927	0.46559	0.26442	0.2478	0.94119	0.19089	0.38042
2.315	0.1995	0.17655	0.23256	0.27862	0.55472	0.25194	0.82019	0.46831	0.26472	0.24963	0.94138	0.19187	0.38145
2.32	0.20118	0.17713	0.23439	0.2824	0.55359	0.25363	0.81951	0.4677	0.26687	0.25187	0.94078	0.19237	0.38344
2.325	0.20352	0.17875	0.23626	0.28613	0.55381	0.25577	0.81952	0.46954	0.26814	0.25475	0.94063	0.19429	0.38532
2.33	0.20618	0.18057	0.23935	0.28936	0.55392	0.25718	0.81999	0.47117	0.26888	0.2571	0.94026	0.1962	0.38768
2.335	0.20888	0.18218	0.24029	0.29257	0.55277	0.25926	0.8193	0.47186	0.27042	0.25945	0.93992	0.19675	0.38905
2.34	0.21117	0.18438	0.24347	0.29728	0.55415	0.26115	0.82085	0.47438	0.27154	0.26188	0.93967	0.19842	0.39068
2.345	0.21371	0.18636	0.24463	0.30103	0.55373	0.26281	0.82061	0.47577	0.27242	0.26468	0.93991	0.1991	0.39235
2.35	0.21551	0.18745	0.24604	0.30413	0.55396	0.2652	0.82045	0.47646	0.27292	0.26646	0.93943	0.20126	0.39423
2.355	0.218	0.18906	0.24803	0.30791	0.55263	0.26628	0.81828	0.47598	0.27441	0.2694	0.938	0.20232	0.39605
2.36	0.21946	0.19085	0.25056	0.31117	0.55288	0.26946	0.82028	0.47769	0.27548	0.27206	0.9385	0.20434	0.39836
2.365	0.223	0.1925	0.25318	0.31531	0.55201	0.27116	0.81906	0.47814	0.27673	0.27331	0.93653	0.20529	0.40019
2.37	0.22493	0.19411	0.25484	0.3185	0.55242	0.27318	0.81994	0.4806	0.27811	0.27646	0.93666	0.20764	0.40238
2.375	0.2266	0.1957	0.25862	0.32234	0.55153	0.27629	0.82033	0.4816	0.27989	0.2797	0.93727	0.20889	0.40442
2.38	0.22928	0.19695	0.26049	0.32589	0.55106	0.27815	0.81912	0.48252	0.28124	0.28214	0.93401	0.21007	0.4059
2.385	0.23225	0.19892	0.26207	0.33122	0.55211	0.28054	0.82074	0.48446	0.28329	0.28493	0.93667	0.212	0.40989
2.39	0.23491	0.20073	0.26523	0.3348	0.55254	0.28254	0.82	0.48601	0.28452	0.28849	0.93511	0.2142	0.41071
2.395	0.23794	0.20139	0.26805	0.3383	0.55301	0.28582	0.82069	0.4867	0.28529	0.29116	0.93466	0.21546	0.41415
2.4	0.23998	0.20295	0.26931	0.3431	0.55199	0.28778	0.82073	0.48892	0.28712	0.29374	0.93384	0.21762	0.41681
2.405	0.24216	0.20524	0.27253	0.34724	0.55205	0.2912	0.82045	0.49007	0.28904	0.29703	0.9321	0.22002	0.41876
2.41	0.24463	0.20632	0.27522	0.35073	0.55185	0.2932	0.82018	0.49195	0.29104	0.3005	0.93208	0.22258	0.42198
2.415	0.24696	0.20829	0.27728	0.3552	0.55125	0.29642	0.82058	0.49221	0.29281	0.30445	0.93253	0.22453	0.424
2.42	0.24978	0.20971	0.28097	0.35917	0.55249	0.30086	0.82177	0.49355	0.29479	0.30798	0.93137	0.22663	0.42806
2.425	0.25323	0.21069	0.28328	0.36378	0.55126	0.30229	0.82104	0.49165	0.29804	0.31088	0.9301	0.22846	0.42925
2.43	0.25461	0.21206	0.28599	0.3674	0.55128	0.30545	0.82027	0.49376	0.29855	0.31363	0.92857	0.23021	0.43271
2.435	0.25764	0.21354	0.28924	0.3712	0.55071	0.30799	0.82014	0.49685	0.30094	0.31705	0.92838	0.23223	0.43451
2.44	0.25892	0.21461	0.29261	0.37616	0.55101	0.31173	0.8212	0.49578	0.30208	0.31988	0.9279	0.23364	0.43791
2.445	0.26178	0.21615	0.2943	0.3797	0.55079	0.31431	0.81985	0.49859	0.30478	0.32443	0.92801	0.23704	0.4415
2.45	0.26398	0.21757	0.29792	0.38334	0.5493	0.31731	0.81891	0.49955	0.30665	0.32772	0.9272	0.23986	0.44409
2.455	0.26639	0.21909	0.30107	0.38854	0.54932	0.31977	0.81836	0.49878	0.30772	0.3311	0.92497	0.24208	0.44658
2.46	0.26827	0.21972	0.30377	0.39273	0.54911	0.32284	0.81714	0.50056	0.30936	0.33496	0.92423	0.24517	0.44907
2.465	0.26985	0.22062	0.30677	0.39673	0.54841	0.32634	0.81809	0.50098	0.31177	0.3382	0.92364	0.24652	0.45145
2.47	0.27232	0.22243	0.31111	0.4007	0.54829	0.32937	0.81768	0.50339	0.31385	0.34231	0.92281	0.25019	0.45509
2.475	0.27481	0.22321	0.3124	0.40476	0.54834	0.33328	0.81777	0.50256	0.31594	0.346	0.92153	0.25285	0.45921
2.48	0.27743	0.22477	0.31636	0.40911	0.54925	0.33698	0.81841	0.50291	0.31819	0.35148	0.92693	0.25555	0.46222
2.485	0.27931	0.22604	0.31907	0.41262	0.54855	0.33993	0.81536	0.5044	0.31931	0.35479	0.92366	0.25711	0.46304
2.49	0.28113	0.22718	0.32209	0.41671	0.54686	0.34292	0.81527	0.50354	0.3217	0.35829	0.9219	0.25935	0.46745
2.495	0.28308	0.22775	0.32549	0.42036	0.54801	0.3461	0.81405	0.50658	0.32379	0.36235	0.92142	0.26196	0.47049
2.5	0.28455	0.22827	0.32814	0.42438	0.54371	0.34828	0.81375	0.50511	0.32621	0.36497	0.91738	0.26357	0.47182
2.505	0.28754	0.22916	0.33124	0.42816	0.54512	0.35163	0.81294	0.50684	0.32819	0.36867	0.91714	0.26781	0.47465
2.51	0.29049	0.23039	0.33405	0.43254	0.54463	0.35647	0.81238	0.50772	0.33074	0.37269	0.91589	0.2699	0.4786
2.515	0.29173	0.23123	0.33653	0.43485	0.54305	0.35937	0.81263	0.50874	0.33276	0.37627	0.91646	0.27361	0.48196
2.52	0.29368	0.23182	0.33987	0.43887	0.54314	0.36418	0.81271	0.51003	0.33489	0.37996	0.9154	0.27468	0.48621
2.525	0.29534	0.23224	0.34235	0.44303	0.54265	0.36712	0.8132	0.51154	0.33707	0.38401	0.91607	0.27983	0.48874
2.53	0.29816	0.23283	0.34644	0.44659	0.54401	0.37063	0.81415	0.51166	0.33915	0.38907	0.91579	0.28427	0.49111
2.535	0.29877	0.23358	0.34836	0.4477	0.54469	0.3761	0.81464	0.51453	0.34084	0.39215	0.9162	0.28624	0.49769
2.54	0.30064	0.23445	0.3531	0.45269	0.54482	0.38018	0.81574	0.51535	0.34305	0.3969	0.91552	0.28804	0.50145
2.545	0.30253	0.23461	0.35545	0.45634	0.54565	0.38353	0.81769	0.51358	0.34581	0.40173	0.91404	0.29131	0.50228
2.55	0.30259	0.23586	0.35861	0.46023	0.54376	0.38883	0.81633	0.51685	0.34545	0.40261	0.91598	0.29542	0.50738
2.555	0.30456	0.23554	0.36178	0.46142	0.54353	0.39645	0.81693	0.51798	0.34824	0.40564	0.91682	0.29829	0.5142
2.56	0.30588	0.23611	0.36476	0.46499	0.54554	0.38966	0.81741	0.5163	0.35004	0.41551	0.9157	0.30027	0.50928
2.565	0.30743	0.23645	0.36852	0.4675	0.54441	0.40048	0.81704	0.51756	0.35258	0.41782	0.91611	0.30334	0.51609
2.57	0.30804	0.23731	0.37098	0.47036	0.54389	0.40341	0.81599	0.51876	0.35334	0.41957	0.91755	0.3069	0.51892
2.575	0.31012	0.23698	0.37123	0.47117	0.54251	0.40722	0.8159	0.51951	0.35617	0.42469	0.91818	0.31001	0.52226
2.58	0.31174	0.23775	0.37731	0.47526	0.54512	0.4126	0.8172	0.51777	0.35753	0.42808	0.91603	0.31237	0.52828
2.585	0.31332	0.23971	0.38	0.47662	0.54581	0.41097	0.81641	0.52354	0.36043	0.43895	0.91758	0.31814	0.52311
2.59	0.3142	0.23927	0.38323	0.48014	0.54459	0.42359	0.81822	0.51798	0.36172	0.43405	0.91518	0.31871	0.53836
2.595	0.31648	0.23958	0.3849	0.48303	0.54557	0.42081	0.82153	0.51814	0.36544	0.44361	0.9099	0.32004	0.53471
2.6	0.31693	0.24107	0.38958	0.48793	0.54381	0.43311	0.82543	0.51864	0.36633	0.4394	0.9029	0.32522	0.54519
